17,1,228,323,37,30,0.754744291305542,2.0,-1,-1,-1
17,2,39,405,72,48,0.7450319528579712,2.0,-1,-1,-1
33,1,282,299,26,21,0.5741109848022461,2.0,-1,-1,-1
65,2,172,337,48,32,0.5119544267654419,2.0,-1,-1,-1
81,2,196,334,75,51,0.2649543285369873,7.0,-1,-1,-1
97,2,241,317,64,45,0.5578455328941345,2.0,-1,-1,-1
97,3,113,369,49,38,0.6858886480331421,2.0,-1,-1,-1
97,4,173,369,45,44,0.6170586943626404,2.0,-1,-1,-1
113,2,282,298,46,33,0.6715351939201355,2.0,-1,-1,-1
113,4,154,384,47,46,0.528196394443512,2.0,-1,-1,-1
129,2,312,284,32,23,0.182584747672081,2.0,-1,-1,-1
145,2,283,305,28,21,0.6178709864616394,2.0,-1,-1,-1
625,5,103,299,35,19,0.683241605758667,2.0,-1,-1,-1
737,5,144,363,74,42,0.5824856758117676,2.0,-1,-1,-1
785,5,197,348,55,31,0.6848721504211426,2.0,-1,-1,-1
801,5,280,303,31,18,0.6732896566390991,2.0,-1,-1,-1
817,5,44,396,86,51,0.7839087843894958,2.0,-1,-1,-1
833,5,114,366,66,40,0.7494661211967468,2.0,-1,-1,-1
913,6,158,378,47,38,0.6574280261993408,2.0,-1,-1,-1
929,6,227,337,33,27,0.5447794198989868,2.0,-1,-1,-1
945,6,280,306,23,19,0.6719186902046204,2.0,-1,-1,-1
961,6,317,285,17,14,0.19659608602523804,2.0,-1,-1,-1
993,6,139,298,22,18,0.5912656188011169,2.0,-1,-1,-1
1377,6,88,304,24,19,0.6231771111488342,2.0,-1,-1,-1
1745,6,35,425,43,32,0.6092621684074402,2.0,-1,-1,-1
1921,7,257,303,22,19,0.7583981156349182,2.0,-1,-1,-1
1921,8,175,286,21,15,0.6705796718597412,2.0,-1,-1,-1
1921,9,156,350,40,33,0.6639171242713928,2.0,-1,-1,-1
1937,7,263,300,21,18,0.3747216463088989,2.0,-1,-1,-1
1953,7,269,294,41,36,0.15032507479190826,7.0,-1,-1,-1
1969,9,157,352,40,33,0.7916877865791321,2.0,-1,-1,-1
1985,9,135,352,56,46,0.48983117938041687,7.0,-1,-1,-1
2081,10,169,366,53,49,0.6252577900886536,7.0,-1,-1,-1
2097,10,264,313,30,28,0.5893944501876831,2.0,-1,-1,-1
2145,10,248,322,30,28,0.6174405813217163,2.0,-1,-1,-1
2161,10,252,328,28,26,0.6419455409049988,2.0,-1,-1,-1
2177,10,271,296,25,23,0.5616231560707092,2.0,-1,-1,-1
2209,10,130,304,20,18,0.6095284819602966,2.0,-1,-1,-1
2433,10,125,355,39,36,0.600469172000885,2.0,-1,-1,-1
3089,11,72,398,67,51,0.6217802166938782,2.0,-1,-1,-1
3169,11,176,351,66,50,0.601179301738739,2.0,-1,-1,-1
3233,11,122,372,46,35,0.7120624780654907,2.0,-1,-1,-1
3409,12,67,317,35,22,0.7254093289375305,2.0,-1,-1,-1
3473,13,118,302,28,21,0.7281655669212341,2.0,-1,-1,-1
3617,13,172,289,19,14,0.6543522477149963,2.0,-1,-1,-1
3633,13,175,285,19,14,0.6427279710769653,2.0,-1,-1,-1
3633,14,96,309,29,20,0.6773095726966858,2.0,-1,-1,-1
3649,14,106,302,33,22,0.5617973804473877,2.0,-1,-1,-1
3665,14,45,316,46,31,0.5512866377830505,2.0,-1,-1,-1
3665,13,135,365,77,57,0.5855268239974976,2.0,-1,-1,-1
3745,15,61,313,42,28,0.6297552585601807,2.0,-1,-1,-1
3761,15,114,304,29,19,0.8302855491638184,2.0,-1,-1,-1
3777,15,98,309,29,19,0.5893180966377258,2.0,-1,-1,-1
3793,15,68,317,32,21,0.5099915266036987,2.0,-1,-1,-1
3793,16,158,291,23,17,0.630572497844696,2.0,-1,-1,-1
3825,16,110,304,28,21,0.7214059829711914,2.0,-1,-1,-1
3841,16,83,310,33,25,0.7848669290542603,2.0,-1,-1,-1
3841,15,139,295,19,13,0.5152888298034668,2.0,-1,-1,-1
3857,16,57,316,37,28,0.5423426032066345,2.0,-1,-1,-1
3889,16,22,324,41,31,0.6071949005126953,2.0,-1,-1,-1
3921,16,-1,332,44,33,0.16404588520526886,2.0,-1,-1,-1
3937,16,-11,335,45,35,0.27785974740982056,2.0,-1,-1,-1
3953,16,-14,336,45,35,0.20663096010684967,2.0,-1,-1,-1
3969,16,-13,337,44,35,0.17930252850055695,2.0,-1,-1,-1
3985,16,-12,336,43,35,0.14416590332984924,2.0,-1,-1,-1
4001,16,83,313,29,23,0.542742133140564,2.0,-1,-1,-1
4017,16,117,304,25,19,0.7228217720985413,2.0,-1,-1,-1
4033,16,116,304,25,19,0.8384222388267517,2.0,-1,-1,-1
4049,16,102,309,26,19,0.6541869640350342,2.0,-1,-1,-1
4065,16,76,316,29,21,0.7641940712928772,2.0,-1,-1,-1
4081,16,75,309,30,22,0.5866334438323975,2.0,-1,-1,-1
4113,16,121,301,27,19,0.6657164692878723,2.0,-1,-1,-1
4129,16,85,311,32,23,0.6414414048194885,2.0,-1,-1,-1
5073,17,249,304,23,22,0.6743772029876709,2.0,-1,-1,-1
5089,17,181,290,19,18,0.7225568294525146,2.0,-1,-1,-1
5089,18,3,421,74,55,0.7616337537765503,2.0,-1,-1,-1
5105,17,212,313,28,27,0.7312036156654358,2.0,-1,-1,-1
5121,17,234,310,30,29,0.7484560608863831,2.0,-1,-1,-1
5121,19,294,285,19,17,0.6832395195960999,2.0,-1,-1,-1
5121,18,89,384,57,43,0.5987679958343506,2.0,-1,-1,-1
5137,17,245,310,27,26,0.6564980745315552,2.0,-1,-1,-1
5137,19,302,280,18,17,0.6570077538490295,2.0,-1,-1,-1
5153,19,303,281,16,14,0.5445961356163025,2.0,-1,-1,-1
5169,19,286,281,46,42,0.3373996615409851,7.0,-1,-1,-1
5169,18,142,351,48,36,0.6760014891624451,2.0,-1,-1,-1
5185,19,270,288,41,38,0.6998928189277649,2.0,-1,-1,-1
5201,19,169,299,37,33,0.6618850827217102,2.0,-1,-1,-1
5249,19,173,290,23,20,0.5503793954849243,2.0,-1,-1,-1
5265,19,55,316,37,31,0.7137302160263062,2.0,-1,-1,-1
5441,20,148,355,44,33,0.6720374822616577,2.0,-1,-1,-1
5489,20,79,432,53,39,0.6978866457939148,2.0,-1,-1,-1
5521,20,96,329,27,20,0.7886491417884827,2.0,-1,-1,-1
5553,20,63,311,29,21,0.5255749821662903,2.0,-1,-1,-1
5601,21,157,294,24,15,0.7024638652801514,2.0,-1,-1,-1
5601,20,107,297,22,16,0.6356640458106995,2.0,-1,-1,-1
5777,21,143,351,48,31,0.5523526668548584,2.0,-1,-1,-1
5793,21,150,367,66,43,0.2831946313381195,2.0,-1,-1,-1
6465,22,172,286,25,17,0.7391573190689087,2.0,-1,-1,-1
6465,23,103,376,54,38,0.6605103015899658,2.0,-1,-1,-1
6481,22,203,322,32,22,0.6990680694580078,2.0,-1,-1,-1
6513,22,224,319,34,24,0.5321425795555115,2.0,-1,-1,-1
6529,22,133,315,30,21,0.627977728843689,2.0,-1,-1,-1
6545,22,153,336,39,28,0.7872889637947083,2.0,-1,-1,-1
6545,24,254,298,27,25,0.6418839693069458,2.0,-1,-1,-1
6561,24,293,283,19,18,0.541564404964447,2.0,-1,-1,-1
6577,24,297,284,16,15,0.11534597724676132,2.0,-1,-1,-1
6577,22,75,388,48,33,0.5455905199050903,2.0,-1,-1,-1
6609,22,97,372,57,41,0.594947099685669,2.0,-1,-1,-1
6625,22,150,363,61,44,0.7047660946846008,2.0,-1,-1,-1
6625,24,225,311,30,28,0.6580716371536255,2.0,-1,-1,-1
6641,22,108,375,59,43,0.5589814186096191,2.0,-1,-1,-1
6641,24,230,320,34,32,0.5435783863067627,2.0,-1,-1,-1
6657,22,217,331,41,31,0.6881138682365417,2.0,-1,-1,-1
6657,24,208,324,34,32,0.5138097405433655,2.0,-1,-1,-1
6673,22,252,307,28,21,0.6175513863563538,2.0,-1,-1,-1
6673,24,128,361,50,46,0.5641655325889587,2.0,-1,-1,-1
6689,24,129,325,35,31,0.6696963310241699,2.0,-1,-1,-1
6705,24,125,356,41,37,0.5471692085266113,7.0,-1,-1,-1
6705,22,263,298,27,21,0.7007468342781067,2.0,-1,-1,-1
6721,24,145,318,30,27,0.5957759618759155,2.0,-1,-1,-1
6721,22,247,310,26,20,0.7211934328079224,2.0,-1,-1,-1
6721,25,302,281,18,15,0.6826460361480713,2.0,-1,-1,-1
6737,25,290,287,20,17,0.6048837900161743,2.0,-1,-1,-1
6753,25,281,294,19,16,0.1529606431722641,2.0,-1,-1,-1
7169,26,59,311,33,20,0.8079183101654053,2.0,-1,-1,-1
7185,26,93,311,32,20,0.6512651443481445,2.0,-1,-1,-1
7377,27,145,346,51,38,0.6021767258644104,2.0,-1,-1,-1
7457,28,207,332,30,25,0.6232664585113525,2.0,-1,-1,-1
7521,28,72,371,110,90,0.7009375691413879,5.0,-1,-1,-1
7537,28,46,349,81,65,0.5543736219406128,2.0,-1,-1,-1
7585,28,69,394,78,63,0.5991100072860718,2.0,-1,-1,-1
7601,28,141,374,59,48,0.590934157371521,2.0,-1,-1,-1
7617,28,216,340,42,34,0.5449588894844055,2.0,-1,-1,-1
7633,28,137,313,29,24,0.63376784324646,2.0,-1,-1,-1
7665,28,99,343,77,64,0.5804187059402466,7.0,-1,-1,-1
7713,28,144,303,33,27,0.5209247469902039,2.0,-1,-1,-1
7729,28,54,316,26,21,0.7049119472503662,2.0,-1,-1,-1
8449,29,141,353,37,34,0.6872443556785583,2.0,-1,-1,-1
8449,30,228,291,61,76,0.6001913547515869,7.0,-1,-1,-1
8465,29,245,288,59,54,0.6142760515213013,7.0,-1,-1,-1
8465,30,227,312,23,29,0.7502353191375732,2.0,-1,-1,-1
8481,29,285,270,54,50,0.3157427906990051,7.0,-1,-1,-1
8481,30,218,319,23,28,0.6823972463607788,2.0,-1,-1,-1
8497,29,316,259,44,41,0.18969137966632843,7.0,-1,-1,-1
8497,30,154,348,30,36,0.7064910531044006,2.0,-1,-1,-1
8513,29,315,271,22,21,0.5043429136276245,2.0,-1,-1,-1
8513,30,199,327,24,28,0.6355297565460205,2.0,-1,-1,-1
8657,31,245,296,61,61,0.6083468794822693,7.0,-1,-1,-1
8673,31,271,286,49,49,0.6848888397216797,7.0,-1,-1,-1
8689,31,296,279,37,37,0.6216678619384766,7.0,-1,-1,-1
8705,31,318,270,28,28,0.40713128447532654,2.0,-1,-1,-1
8721,31,335,268,22,21,0.4106552004814148,2.0,-1,-1,-1
8737,31,349,265,17,16,0.4337657392024994,2.0,-1,-1,-1
8801,32,88,302,32,21,0.6288573741912842,2.0,-1,-1,-1
8849,32,110,297,30,20,0.6193932890892029,2.0,-1,-1,-1
9249,33,2,422,71,55,0.7611696124076843,2.0,-1,-1,-1
9265,33,194,331,39,31,0.6784008145332336,2.0,-1,-1,-1
9281,33,111,380,57,44,0.5303155779838562,2.0,-1,-1,-1
9313,33,92,395,78,62,0.11451611667871475,7.0,-1,-1,-1
9361,34,114,292,39,23,0.601371169090271,2.0,-1,-1,-1
9361,33,70,418,84,65,0.5839201807975769,2.0,-1,-1,-1
9377,33,30,413,91,69,0.5750108361244202,7.0,-1,-1,-1
9393,33,146,348,82,65,0.6385106444358826,7.0,-1,-1,-1
9393,34,145,288,28,16,0.6309952139854431,2.0,-1,-1,-1
9457,34,174,322,67,40,0.6039243340492249,7.0,-1,-1,-1
9537,34,91,404,81,48,0.5263577699661255,2.0,-1,-1,-1
9553,34,189,357,62,38,0.5932192802429199,2.0,-1,-1,-1
9601,34,162,308,33,20,0.5009570121765137,2.0,-1,-1,-1
9825,34,60,392,71,43,0.6179096698760986,2.0,-1,-1,-1
9841,34,146,357,56,34,0.6129850149154663,2.0,-1,-1,-1
9985,35,138,298,26,19,0.6667125225067139,2.0,-1,-1,-1
10001,35,78,312,34,24,0.6562700867652893,2.0,-1,-1,-1
10097,35,93,368,51,37,0.7256778478622437,2.0,-1,-1,-1
10113,35,157,350,44,31,0.6894301772117615,2.0,-1,-1,-1
10209,36,85,311,33,21,0.6638455986976624,2.0,-1,-1,-1
10481,37,261,298,24,22,0.7980767488479614,2.0,-1,-1,-1
10481,38,115,371,52,40,0.6775727868080139,2.0,-1,-1,-1
10497,37,261,300,21,19,0.49175623059272766,2.0,-1,-1,-1
10513,37,222,305,68,62,0.6112996935844421,7.0,-1,-1,-1
10561,37,187,286,41,36,0.5109969973564148,2.0,-1,-1,-1
10993,39,174,334,43,36,0.6340384483337402,2.0,-1,-1,-1
11009,39,225,310,34,28,0.7113876342773438,2.0,-1,-1,-1
11041,39,164,294,20,16,0.62407386302948,2.0,-1,-1,-1
11201,40,175,343,36,28,0.805030107498169,2.0,-1,-1,-1
11217,40,55,401,55,42,0.809028148651123,2.0,-1,-1,-1
11217,41,248,307,22,21,0.6527275443077087,2.0,-1,-1,-1
11233,40,41,351,38,29,0.5253012776374817,2.0,-1,-1,-1
11233,41,198,287,16,15,0.5978837609291077,2.0,-1,-1,-1
11249,40,75,377,54,40,0.6979065537452698,2.0,-1,-1,-1
11249,41,244,300,22,21,0.6348997354507446,2.0,-1,-1,-1
11265,40,73,338,41,31,0.6773583889007568,2.0,-1,-1,-1
11265,41,221,319,28,26,0.6514209508895874,2.0,-1,-1,-1
11281,40,109,358,46,34,0.7329552173614502,2.0,-1,-1,-1
11281,41,249,310,24,22,0.6713354587554932,2.0,-1,-1,-1
11297,40,96,398,66,50,0.6987110376358032,2.0,-1,-1,-1
11297,41,235,317,24,22,0.731069028377533,2.0,-1,-1,-1
11297,42,299,283,17,14,0.6526075005531311,2.0,-1,-1,-1
11313,40,104,388,59,45,0.6223156452178955,2.0,-1,-1,-1
11313,41,218,342,32,29,0.659851610660553,2.0,-1,-1,-1
11313,42,281,289,19,16,0.5805410742759705,2.0,-1,-1,-1
11329,41,218,335,30,27,0.7875134944915771,2.0,-1,-1,-1
11329,42,270,311,23,19,0.6828813552856445,2.0,-1,-1,-1
11345,42,269,305,21,18,0.6390746235847473,2.0,-1,-1,-1
11345,40,152,376,55,42,0.5255457758903503,2.0,-1,-1,-1
11361,42,243,311,42,36,0.12064080685377121,2.0,-1,-1,-1
11377,42,222,316,42,36,0.15024955570697784,7.0,-1,-1,-1
11377,40,112,372,50,38,0.6073873043060303,2.0,-1,-1,-1
11393,42,209,319,38,32,0.7151814103126526,2.0,-1,-1,-1
11393,40,79,380,59,45,0.5912342667579651,2.0,-1,-1,-1
11409,42,195,325,39,33,0.6441468596458435,2.0,-1,-1,-1
11409,40,101,332,36,26,0.6436436772346497,2.0,-1,-1,-1
11425,42,195,329,37,31,0.5457826852798462,2.0,-1,-1,-1
11425,40,92,399,59,43,0.6173416376113892,2.0,-1,-1,-1
11425,43,260,298,22,21,0.7273406386375427,2.0,-1,-1,-1
11441,42,207,340,37,32,0.7631350755691528,2.0,-1,-1,-1
11441,40,112,382,53,39,0.6831499338150024,2.0,-1,-1,-1
11441,43,266,298,19,18,0.6341232061386108,2.0,-1,-1,-1
11441,44,298,281,16,16,0.6126005053520203,2.0,-1,-1,-1
11457,42,222,326,29,25,0.7377390265464783,2.0,-1,-1,-1
11457,40,112,392,73,55,0.26840025186538696,7.0,-1,-1,-1
11457,43,278,306,22,20,0.7309173345565796,2.0,-1,-1,-1
11457,44,305,282,13,13,0.6251323819160461,2.0,-1,-1,-1
11473,42,231,330,35,30,0.5756945013999939,2.0,-1,-1,-1
11473,40,145,378,65,50,0.6405952572822571,2.0,-1,-1,-1
11473,43,287,293,19,17,0.7675624489784241,2.0,-1,-1,-1
11473,44,315,287,14,14,0.5005781650543213,2.0,-1,-1,-1
11489,40,167,356,48,37,0.5050106644630432,2.0,-1,-1,-1
11489,43,294,298,21,19,0.6330168843269348,2.0,-1,-1,-1
11505,40,161,312,29,22,0.5959498286247253,2.0,-1,-1,-1
11505,43,300,291,24,22,0.5012781620025635,2.0,-1,-1,-1
11521,43,320,277,23,22,0.591816782951355,2.0,-1,-1,-1
11537,40,141,298,26,20,0.5421842336654663,2.0,-1,-1,-1
11553,40,149,294,23,18,0.5092111825942993,2.0,-1,-1,-1
11553,43,147,298,19,18,0.6196897625923157,2.0,-1,-1,-1
11649,43,104,307,21,19,0.7663747668266296,2.0,-1,-1,-1
11953,45,72,415,83,61,0.6333843469619751,2.0,-1,-1,-1
11969,45,68,327,31,23,0.6729297637939453,2.0,-1,-1,-1
11969,46,257,319,30,27,0.7216723561286926,2.0,-1,-1,-1
11985,45,72,382,66,48,0.6947140097618103,2.0,-1,-1,-1
12001,45,118,392,66,49,0.7440231442451477,2.0,-1,-1,-1
12001,46,250,304,29,26,0.7555630207061768,2.0,-1,-1,-1
12017,45,61,409,74,55,0.7497446537017822,2.0,-1,-1,-1
12017,46,232,316,24,22,0.8074280023574829,2.0,-1,-1,-1
12017,47,277,314,23,19,0.7114336490631104,2.0,-1,-1,-1
12017,48,312,277,18,15,0.6686692237854004,2.0,-1,-1,-1
12033,45,66,345,50,36,0.6170295476913452,2.0,-1,-1,-1
12033,46,238,312,22,20,0.614328920841217,2.0,-1,-1,-1
12033,48,302,283,16,13,0.5549076795578003,2.0,-1,-1,-1
12049,48,305,279,16,14,0.14502830803394318,2.0,-1,-1,-1
12097,45,68,317,35,25,0.5732941627502441,2.0,-1,-1,-1
12097,46,218,323,27,25,0.7941681742668152,2.0,-1,-1,-1
12097,48,89,415,48,40,0.5072881579399109,2.0,-1,-1,-1
12113,45,180,285,21,15,0.5097277164459229,2.0,-1,-1,-1
12113,46,234,310,28,25,0.6588308811187744,2.0,-1,-1,-1
12113,48,132,392,46,39,0.6658685803413391,2.0,-1,-1,-1
12113,49,294,286,18,16,0.6838955283164978,2.0,-1,-1,-1
12129,45,189,285,18,13,0.5693612098693848,2.0,-1,-1,-1
12129,48,93,356,39,32,0.6871119141578674,2.0,-1,-1,-1
12449,50,217,321,29,23,0.8261428475379944,2.0,-1,-1,-1
12721,51,149,352,42,38,0.615746021270752,2.0,-1,-1,-1
12865,51,192,327,38,34,0.5892679691314697,2.0,-1,-1,-1
12977,52,67,319,36,21,0.7341156601905823,2.0,-1,-1,-1
12993,52,76,303,43,25,0.1831584870815277,2.0,-1,-1,-1
13009,52,94,301,32,19,0.6702463030815125,2.0,-1,-1,-1
13089,52,173,285,26,15,0.5028881430625916,2.0,-1,-1,-1
13105,52,98,303,40,23,0.6896411180496216,2.0,-1,-1,-1
13121,52,101,299,41,24,0.3892914056777954,2.0,-1,-1,-1
13697,53,31,319,37,22,0.7026111483573914,2.0,-1,-1,-1
13777,53,11,402,75,45,0.7278369665145874,2.0,-1,-1,-1
13793,53,54,415,87,53,0.5883440971374512,2.0,-1,-1,-1
13793,54,188,334,32,28,0.7527005672454834,2.0,-1,-1,-1
13809,53,60,406,82,51,0.648783266544342,2.0,-1,-1,-1
13809,54,217,341,35,30,0.811018705368042,2.0,-1,-1,-1
13809,55,265,299,21,20,0.7034973502159119,2.0,-1,-1,-1
13825,54,207,330,32,28,0.5996809601783752,2.0,-1,-1,-1
13841,54,154,345,46,40,0.5997809171676636,2.0,-1,-1,-1
13841,55,267,296,19,18,0.5580612421035767,2.0,-1,-1,-1
13905,56,29,405,76,53,0.6594740748405457,2.0,-1,-1,-1
13921,56,150,351,47,33,0.6819659471511841,2.0,-1,-1,-1
13937,56,237,309,30,21,0.5057320594787598,2.0,-1,-1,-1
13969,57,104,302,28,15,0.6337233185768127,2.0,-1,-1,-1
13969,56,326,266,37,26,0.5067225098609924,2.0,-1,-1,-1
14065,58,40,315,40,22,0.6578035950660706,2.0,-1,-1,-1
14177,58,113,302,35,19,0.5134278535842896,2.0,-1,-1,-1
14225,59,93,310,30,20,0.7103577852249146,2.0,-1,-1,-1
14289,59,109,302,24,15,0.5341873168945312,2.0,-1,-1,-1
14353,59,106,297,31,20,0.6203478574752808,2.0,-1,-1,-1
14433,60,184,333,33,33,0.7396608591079712,2.0,-1,-1,-1
14449,60,119,359,49,48,0.6332685351371765,7.0,-1,-1,-1
14449,61,250,304,22,21,0.7226675152778625,2.0,-1,-1,-1
14465,60,179,304,26,25,0.5110045671463013,2.0,-1,-1,-1
14465,61,228,310,32,31,0.5239781737327576,2.0,-1,-1,-1
14481,60,165,286,16,15,0.5585417151451111,2.0,-1,-1,-1
14481,61,260,295,28,27,0.5428053140640259,2.0,-1,-1,-1
14497,60,64,307,25,23,0.7842274308204651,2.0,-1,-1,-1
14513,60,99,298,20,18,0.5061432719230652,2.0,-1,-1,-1
14529,60,39,314,26,23,0.5330290794372559,2.0,-1,-1,-1
14577,60,80,311,24,20,0.6450397372245789,2.0,-1,-1,-1
14593,60,58,307,32,26,0.10907676815986633,2.0,-1,-1,-1
14641,62,131,306,31,22,0.7526549100875854,2.0,-1,-1,-1
14657,62,109,309,25,18,0.7099044919013977,2.0,-1,-1,-1
14673,62,75,316,30,21,0.6955551505088806,2.0,-1,-1,-1
14849,62,163,290,22,15,0.658675491809845,2.0,-1,-1,-1
14929,63,127,301,27,18,0.6412438154220581,2.0,-1,-1,-1
15041,63,89,307,26,17,0.5636500716209412,2.0,-1,-1,-1
15185,63,138,341,43,29,0.7678236961364746,2.0,-1,-1,-1
15185,64,133,394,60,59,0.622170627117157,2.0,-1,-1,-1
15313,64,120,304,25,25,0.5305643081665039,2.0,-1,-1,-1
15361,65,115,301,29,22,0.7321308255195618,2.0,-1,-1,-1
15377,65,118,302,27,21,0.6736119985580444,2.0,-1,-1,-1
15393,65,117,301,26,20,0.8055911064147949,2.0,-1,-1,-1
15793,66,130,300,27,18,0.7005610466003418,2.0,-1,-1,-1
15809,66,79,314,33,22,0.7684071660041809,2.0,-1,-1,-1
15905,66,163,287,27,18,0.6105079054832458,2.0,-1,-1,-1
15921,66,125,300,28,18,0.683402955532074,2.0,-1,-1,-1
15937,66,58,318,37,24,0.5845358967781067,2.0,-1,-1,-1
15953,66,68,309,36,24,0.5086238980293274,2.0,-1,-1,-1
15969,66,45,312,39,25,0.555568277835846,2.0,-1,-1,-1
15985,66,52,308,41,27,0.5515777468681335,2.0,-1,-1,-1
16033,67,250,313,32,29,0.7412585020065308,2.0,-1,-1,-1
16097,67,97,385,46,41,0.5458014011383057,2.0,-1,-1,-1
16113,67,170,348,34,31,0.506881058216095,2.0,-1,-1,-1
16129,67,186,340,56,51,0.5236430168151855,7.0,-1,-1,-1
16353,68,104,376,53,38,0.7625056505203247,2.0,-1,-1,-1
16369,68,232,314,31,22,0.7339396476745605,2.0,-1,-1,-1
16401,68,205,288,111,81,0.11211574077606201,7.0,-1,-1,-1
16417,68,237,268,115,85,0.12487370520830154,7.0,-1,-1,-1
16449,68,105,359,92,68,0.7639116048812866,2.0,-1,-1,-1
16465,68,208,325,42,31,0.7252492308616638,2.0,-1,-1,-1
16481,68,204,332,34,26,0.7224817276000977,2.0,-1,-1,-1
16481,69,300,283,16,15,0.6614252924919128,2.0,-1,-1,-1
16497,68,214,325,32,24,0.5128867626190186,2.0,-1,-1,-1
16497,69,291,288,17,16,0.7237758636474609,2.0,-1,-1,-1
16561,68,112,405,58,44,0.701352596282959,2.0,-1,-1,-1
16577,68,123,386,52,40,0.6742821335792542,2.0,-1,-1,-1
16577,69,262,320,20,19,0.7370644807815552,2.0,-1,-1,-1
16897,70,76,309,32,18,0.6689879894256592,2.0,-1,-1,-1
17089,71,229,317,27,22,0.7450284957885742,2.0,-1,-1,-1
17105,71,83,386,56,45,0.5453900098800659,2.0,-1,-1,-1
17121,71,77,386,55,44,0.5673196315765381,2.0,-1,-1,-1
17137,71,179,335,40,32,0.7232440114021301,2.0,-1,-1,-1
17153,71,94,315,30,24,0.6545357704162598,2.0,-1,-1,-1
17169,71,152,337,36,29,0.752678394317627,2.0,-1,-1,-1
17201,71,155,347,39,31,0.5851282477378845,2.0,-1,-1,-1
17217,71,188,304,24,19,0.6202110648155212,2.0,-1,-1,-1
17233,71,122,304,28,22,0.6930702328681946,2.0,-1,-1,-1
17281,71,99,354,45,35,0.5635543465614319,2.0,-1,-1,-1
17297,71,111,362,47,36,0.690697431564331,2.0,-1,-1,-1
17297,72,261,301,21,20,0.6474138498306274,2.0,-1,-1,-1
17313,72,262,301,20,18,0.773603618144989,2.0,-1,-1,-1
17329,72,269,294,23,21,0.270631343126297,2.0,-1,-1,-1
17393,72,289,293,26,24,0.556036114692688,2.0,-1,-1,-1
17409,72,286,299,25,23,0.7490440011024475,2.0,-1,-1,-1
17409,73,207,322,30,28,0.7940843105316162,2.0,-1,-1,-1
17441,73,162,292,15,14,0.5150063037872314,2.0,-1,-1,-1
17457,73,84,308,19,17,0.6969518661499023,2.0,-1,-1,-1
17889,73,115,294,21,18,0.5185121297836304,2.0,-1,-1,-1
17905,73,84,300,27,23,0.6147288084030151,2.0,-1,-1,-1
17921,73,95,302,27,23,0.6972591876983643,2.0,-1,-1,-1
17937,73,61,316,29,23,0.6602219939231873,2.0,-1,-1,-1
18081,74,238,320,39,41,0.6048029065132141,2.0,-1,-1,-1
18097,74,287,298,26,27,0.6369262337684631,2.0,-1,-1,-1
18097,75,5,420,83,52,0.6564642786979675,2.0,-1,-1,-1
18113,74,188,342,26,27,0.7415186762809753,2.0,-1,-1,-1
18113,75,31,414,88,55,0.7137775421142578,2.0,-1,-1,-1
18129,74,202,344,27,27,0.708320140838623,2.0,-1,-1,-1
18129,75,194,334,45,29,0.7114267945289612,2.0,-1,-1,-1
18145,74,200,328,32,33,0.7578785419464111,2.0,-1,-1,-1
18161,75,265,291,35,23,0.6550899744033813,2.0,-1,-1,-1
18177,75,304,272,30,19,0.1310615837574005,2.0,-1,-1,-1
18801,76,89,415,71,49,0.6845091581344604,2.0,-1,-1,-1
18881,76,245,310,31,22,0.5976626873016357,2.0,-1,-1,-1
18945,76,144,346,60,42,0.7087805867195129,2.0,-1,-1,-1
18977,77,163,351,41,28,0.6475098729133606,2.0,-1,-1,-1
18993,77,220,313,40,28,0.656789243221283,2.0,-1,-1,-1
19009,77,132,298,32,22,0.5826839804649353,2.0,-1,-1,-1
19041,77,85,409,63,43,0.7533286213874817,2.0,-1,-1,-1
19057,77,163,379,51,35,0.7526949048042297,2.0,-1,-1,-1
19057,78,250,306,24,19,0.643141508102417,2.0,-1,-1,-1
19089,77,108,331,36,25,0.6520861387252808,2.0,-1,-1,-1
19217,79,150,290,19,13,0.6183457374572754,2.0,-1,-1,-1
19233,79,197,281,19,13,0.5161274671554565,2.0,-1,-1,-1
19329,80,104,303,28,15,0.6162251830101013,2.0,-1,-1,-1
19377,80,163,291,25,13,0.6198264360427856,2.0,-1,-1,-1
19393,80,144,293,35,19,0.5857784152030945,2.0,-1,-1,-1
19409,80,150,290,29,15,0.4666333496570587,2.0,-1,-1,-1
19473,81,151,288,25,14,0.6239420771598816,2.0,-1,-1,-1
19489,81,45,312,41,24,0.7598298192024231,2.0,-1,-1,-1
19521,81,98,356,62,37,0.662651538848877,2.0,-1,-1,-1
19873,82,118,376,45,31,0.6884095072746277,2.0,-1,-1,-1
19889,82,42,400,76,53,0.5704444646835327,2.0,-1,-1,-1
19905,82,149,349,54,38,0.5671564340591431,2.0,-1,-1,-1
19953,82,44,402,71,50,0.7587705850601196,2.0,-1,-1,-1
19969,82,157,350,46,32,0.6706773638725281,2.0,-1,-1,-1
19985,82,167,345,43,30,0.7942978143692017,2.0,-1,-1,-1
20001,82,245,308,28,20,0.508337676525116,2.0,-1,-1,-1
20017,82,254,298,32,24,0.4918263554573059,2.0,-1,-1,-1
20065,82,99,375,56,41,0.7896791100502014,2.0,-1,-1,-1
20081,82,162,347,43,32,0.6643804311752319,2.0,-1,-1,-1
20129,83,249,307,22,21,0.6184829473495483,2.0,-1,-1,-1
20289,83,134,298,17,15,0.5405852198600769,2.0,-1,-1,-1
20305,83,50,315,22,19,0.6796095371246338,2.0,-1,-1,-1
20305,84,216,323,27,25,0.8189886212348938,2.0,-1,-1,-1
20321,84,197,289,17,15,0.5224384665489197,2.0,-1,-1,-1
20337,84,144,296,20,18,0.5907026529312134,2.0,-1,-1,-1
20353,84,73,311,28,25,0.6813005805015564,2.0,-1,-1,-1
20433,84,42,313,28,24,0.7249661684036255,2.0,-1,-1,-1
20481,85,98,309,33,19,0.7178586721420288,2.0,-1,-1,-1
20497,85,148,296,26,15,0.6676045060157776,2.0,-1,-1,-1
20513,85,171,287,26,15,0.5977585315704346,2.0,-1,-1,-1
20513,86,37,325,41,24,0.6012741923332214,2.0,-1,-1,-1
20577,87,113,296,32,18,0.6892281770706177,2.0,-1,-1,-1
20689,87,26,397,91,50,0.7755138278007507,2.0,-1,-1,-1
20705,87,122,364,72,40,0.565127432346344,2.0,-1,-1,-1
20929,87,108,339,137,78,0.1341082751750946,7.0,-1,-1,-1
20993,88,261,296,26,22,0.7418652772903442,2.0,-1,-1,-1
21009,88,267,292,27,23,0.2624358832836151,2.0,-1,-1,-1
21025,88,228,313,28,24,0.7726442813873291,2.0,-1,-1,-1
21073,88,201,325,33,28,0.6955658793449402,2.0,-1,-1,-1
21105,88,108,394,53,45,0.7589526772499084,2.0,-1,-1,-1
21121,88,173,363,44,38,0.7998132705688477,2.0,-1,-1,-1
21185,88,185,351,36,31,0.7355681657791138,2.0,-1,-1,-1
21649,89,81,306,30,18,0.6499866247177124,2.0,-1,-1,-1
21761,89,171,323,51,31,0.7846863865852356,2.0,-1,-1,-1
21777,89,215,312,49,30,0.6443473100662231,2.0,-1,-1,-1
21777,90,306,297,19,16,0.6609874963760376,2.0,-1,-1,-1
21825,89,238,301,68,42,0.3819759786128998,7.0,-1,-1,-1
21841,89,281,287,63,40,0.1545012891292572,7.0,-1,-1,-1
21953,89,87,309,41,26,0.7426568865776062,2.0,-1,-1,-1
21969,89,83,310,38,24,0.6086210608482361,2.0,-1,-1,-1
22257,91,120,302,28,18,0.6341331601142883,2.0,-1,-1,-1
22273,91,162,350,60,39,0.6007525324821472,2.0,-1,-1,-1
22417,91,150,312,35,23,0.5039677023887634,2.0,-1,-1,-1
22545,92,148,352,44,37,0.6499595046043396,2.0,-1,-1,-1
22625,92,203,323,37,31,0.6283806562423706,2.0,-1,-1,-1
22641,92,196,341,47,40,0.7073758840560913,2.0,-1,-1,-1
22641,93,292,284,17,16,0.695049524307251,2.0,-1,-1,-1
22657,93,290,296,21,20,0.5251262187957764,2.0,-1,-1,-1
22833,94,109,306,30,18,0.6797257661819458,2.0,-1,-1,-1
22849,94,55,319,39,24,0.6492199301719666,2.0,-1,-1,-1
23009,95,115,305,28,18,0.8518288731575012,2.0,-1,-1,-1
23025,95,78,315,33,20,0.818174421787262,2.0,-1,-1,-1
23041,95,38,325,39,24,0.7194307446479797,2.0,-1,-1,-1
23057,95,0,338,40,26,0.5680402517318726,2.0,-1,-1,-1
23105,95,144,298,32,21,0.5719795227050781,2.0,-1,-1,-1
23121,95,136,301,36,23,0.552722156047821,2.0,-1,-1,-1
23137,95,147,336,44,29,0.7500848174095154,2.0,-1,-1,-1
23153,95,206,322,36,24,0.7124946117401123,2.0,-1,-1,-1
23169,95,158,367,62,43,0.6308901309967041,2.0,-1,-1,-1
23185,95,203,349,52,36,0.6467905044555664,2.0,-1,-1,-1
23473,96,228,319,28,22,0.7338558435440063,2.0,-1,-1,-1
24241,97,69,311,33,17,0.6005651950836182,2.0,-1,-1,-1
24257,97,59,318,40,21,0.5371706485748291,2.0,-1,-1,-1
24289,97,122,366,66,35,0.6787602305412292,2.0,-1,-1,-1
24305,97,77,396,85,45,0.7323848009109497,2.0,-1,-1,-1
24305,98,96,308,32,21,0.7574930191040039,2.0,-1,-1,-1
24305,99,259,325,26,25,0.6690333485603333,2.0,-1,-1,-1
24321,97,145,367,69,37,0.6025287508964539,2.0,-1,-1,-1
24321,99,301,299,18,17,0.5246229767799377,2.0,-1,-1,-1
24337,97,229,325,47,26,0.5338942408561707,2.0,-1,-1,-1
24337,99,311,278,15,14,0.5839581489562988,2.0,-1,-1,-1
24353,97,201,347,63,35,0.8044440150260925,2.0,-1,-1,-1
24369,97,176,352,75,43,0.5401851534843445,7.0,-1,-1,-1
24369,99,277,306,21,20,0.7066411972045898,2.0,-1,-1,-1
24385,99,262,309,27,25,0.16146312654018402,7.0,-1,-1,-1
24401,99,249,314,30,28,0.6432011127471924,2.0,-1,-1,-1
24417,97,35,418,86,50,0.7294993996620178,2.0,-1,-1,-1
24433,97,76,405,96,57,0.5667839646339417,2.0,-1,-1,-1
24433,99,195,335,31,28,0.8022910952568054,2.0,-1,-1,-1
24449,97,187,345,56,34,0.7419507503509521,2.0,-1,-1,-1
24449,99,213,335,36,33,0.7208448052406311,2.0,-1,-1,-1
24465,97,256,314,42,26,0.7985227108001709,2.0,-1,-1,-1
24497,99,166,351,37,33,0.7253181338310242,2.0,-1,-1,-1
24577,100,203,353,39,37,0.7067277431488037,2.0,-1,-1,-1
24737,100,261,318,28,27,0.5828534960746765,2.0,-1,-1,-1
24929,101,177,284,25,17,0.6051044464111328,2.0,-1,-1,-1
25009,101,171,336,46,32,0.6807669401168823,2.0,-1,-1,-1
25025,101,73,392,66,46,0.7838734984397888,2.0,-1,-1,-1
25041,101,151,359,49,35,0.7342957854270935,2.0,-1,-1,-1
25057,101,147,379,55,39,0.7650003433227539,2.0,-1,-1,-1
25073,101,83,396,65,45,0.6541669368743896,2.0,-1,-1,-1
25089,101,171,349,46,33,0.7547034025192261,2.0,-1,-1,-1
25169,101,123,390,71,52,0.5376995205879211,2.0,-1,-1,-1
25265,101,126,314,42,30,0.5604899525642395,2.0,-1,-1,-1
25329,101,163,338,45,33,0.669093132019043,2.0,-1,-1,-1
25345,101,156,307,29,20,0.5195037126541138,2.0,-1,-1,-1
25361,101,239,321,31,22,0.529367208480835,2.0,-1,-1,-1
26065,102,176,286,22,15,0.6839349269866943,2.0,-1,-1,-1
26081,102,155,288,22,15,0.5255026817321777,2.0,-1,-1,-1
26081,103,26,324,44,28,0.6616071462631226,2.0,-1,-1,-1
26097,102,192,335,50,35,0.6607462167739868,2.0,-1,-1,-1
26097,103,79,313,34,22,0.6069071292877197,2.0,-1,-1,-1
26113,103,98,307,33,21,0.3530632555484772,2.0,-1,-1,-1
26129,103,114,293,44,29,0.1773042231798172,2.0,-1,-1,-1
26145,103,133,292,30,19,0.517621636390686,2.0,-1,-1,-1
26145,102,114,327,42,29,0.5330815315246582,2.0,-1,-1,-1
26161,103,131,298,27,18,0.7260951995849609,2.0,-1,-1,-1
26177,103,182,317,43,29,0.5135226249694824,2.0,-1,-1,-1
26193,103,145,307,43,29,0.6765956878662109,2.0,-1,-1,-1
26305,103,185,290,29,20,0.5188523530960083,2.0,-1,-1,-1
26321,103,108,306,35,24,0.5767796039581299,2.0,-1,-1,-1
26353,103,145,292,25,17,0.5272009968757629,2.0,-1,-1,-1
26369,103,42,313,35,23,0.7020718455314636,2.0,-1,-1,-1
26497,104,228,319,28,21,0.7112319469451904,2.0,-1,-1,-1
26513,104,155,301,22,16,0.5147426128387451,2.0,-1,-1,-1
27169,105,3,430,76,47,0.7458382844924927,2.0,-1,-1,-1
27185,105,189,338,43,27,0.7414454221725464,2.0,-1,-1,-1
27409,105,113,309,30,18,0.6721823215484619,2.0,-1,-1,-1
27665,105,88,305,40,25,0.7945906519889832,2.0,-1,-1,-1
27905,106,110,368,52,41,0.6135538220405579,2.0,-1,-1,-1
27921,106,236,311,30,23,0.6071965098381042,2.0,-1,-1,-1
27937,106,127,297,23,18,0.680287778377533,2.0,-1,-1,-1
28001,106,80,304,28,22,0.6823192834854126,2.0,-1,-1,-1
28113,106,89,300,26,20,0.6070345640182495,2.0,-1,-1,-1
28241,106,126,296,22,17,0.5683402419090271,2.0,-1,-1,-1
28273,106,125,336,52,39,0.6435824632644653,2.0,-1,-1,-1
28449,107,159,351,39,30,0.6520702838897705,2.0,-1,-1,-1
28737,108,175,287,19,14,0.6375795006752014,2.0,-1,-1,-1
28977,109,76,308,40,27,0.6802724003791809,2.0,-1,-1,-1
28993,109,112,304,29,20,0.7260587215423584,2.0,-1,-1,-1
29009,109,55,319,35,24,0.8222890496253967,2.0,-1,-1,-1
29025,109,121,300,23,15,0.5127617120742798,2.0,-1,-1,-1
29041,109,95,304,25,17,0.6312628984451294,2.0,-1,-1,-1
29073,109,76,307,29,19,0.6075815558433533,2.0,-1,-1,-1
29329,109,107,304,29,19,0.6642494201660156,2.0,-1,-1,-1
29345,109,64,318,33,21,0.6728256344795227,2.0,-1,-1,-1
29393,110,155,347,41,36,0.7522897124290466,2.0,-1,-1,-1
29393,111,150,292,25,18,0.7487850785255432,2.0,-1,-1,-1
29409,110,92,314,30,26,0.5671681761741638,2.0,-1,-1,-1
29425,110,55,385,51,44,0.5666549205780029,2.0,-1,-1,-1
29441,110,182,345,39,33,0.56452476978302,2.0,-1,-1,-1
29441,111,187,325,44,32,0.628953754901886,2.0,-1,-1,-1
29457,111,234,313,34,25,0.6223486065864563,2.0,-1,-1,-1
29601,112,240,305,29,24,0.6792349815368652,2.0,-1,-1,-1
29601,113,137,338,93,98,0.6150930523872375,7.0,-1,-1,-1
29617,112,206,306,82,70,0.39944368600845337,7.0,-1,-1,-1
29633,112,225,298,78,67,0.5593429207801819,7.0,-1,-1,-1
29633,113,199,320,37,39,0.5388917922973633,2.0,-1,-1,-1
29825,114,58,425,86,53,0.6195631623268127,2.0,-1,-1,-1
29841,114,158,368,66,41,0.798317015171051,2.0,-1,-1,-1
29857,114,232,327,48,30,0.8341900110244751,2.0,-1,-1,-1
29873,114,284,301,31,20,0.280527800321579,2.0,-1,-1,-1
29889,114,98,298,35,22,0.6668814420700073,2.0,-1,-1,-1
30049,115,102,307,31,20,0.6603161096572876,2.0,-1,-1,-1
30097,115,119,299,23,15,0.6051313281059265,2.0,-1,-1,-1
30113,115,58,315,38,25,0.7123550772666931,2.0,-1,-1,-1
30177,115,101,303,30,19,0.5198562741279602,2.0,-1,-1,-1
30193,115,57,314,30,19,0.6925601363182068,2.0,-1,-1,-1
30209,115,32,322,39,25,0.6889797449111938,2.0,-1,-1,-1
30385,116,33,404,75,57,0.7079350352287292,2.0,-1,-1,-1
30401,116,170,343,42,32,0.7259887456893921,2.0,-1,-1,-1
30417,116,71,424,60,45,0.6815786361694336,2.0,-1,-1,-1
30433,116,13,444,57,42,0.6910831928253174,2.0,-1,-1,-1
30449,116,113,379,45,33,0.7066299319267273,2.0,-1,-1,-1
30465,116,133,354,86,64,0.5098699331283569,5.0,-1,-1,-1
30465,117,243,309,25,21,0.7006428241729736,2.0,-1,-1,-1
30481,116,163,339,64,48,0.7600563168525696,2.0,-1,-1,-1
30481,117,281,289,20,17,0.676274836063385,2.0,-1,-1,-1
30497,116,130,355,54,40,0.750734806060791,2.0,-1,-1,-1
30497,117,156,378,50,42,0.5711091756820679,2.0,-1,-1,-1
30497,118,26,321,37,21,0.7360116243362427,2.0,-1,-1,-1
30513,116,188,328,39,29,0.688433051109314,2.0,-1,-1,-1
30513,117,82,409,58,48,0.7888706922531128,2.0,-1,-1,-1
30513,118,195,337,48,27,0.5423513650894165,2.0,-1,-1,-1
30529,116,187,333,38,29,0.7628416419029236,2.0,-1,-1,-1
30529,117,10,448,48,40,0.5202040076255798,2.0,-1,-1,-1
30529,118,263,319,38,22,0.5674135088920593,2.0,-1,-1,-1
30529,119,270,293,18,18,0.6199681758880615,2.0,-1,-1,-1
30545,116,155,348,43,33,0.7421186566352844,2.0,-1,-1,-1
30545,117,33,446,61,51,0.8096648454666138,2.0,-1,-1,-1
30545,119,256,304,19,19,0.6887357234954834,2.0,-1,-1,-1
30561,116,128,361,44,34,0.7776131629943848,2.0,-1,-1,-1
30561,117,31,461,54,42,0.6433259844779968,2.0,-1,-1,-1
30561,119,236,313,21,21,0.7600429654121399,2.0,-1,-1,-1
30561,120,203,352,35,32,0.6492535471916199,2.0,-1,-1,-1
30561,118,296,288,27,16,0.5700069069862366,2.0,-1,-1,-1
30577,116,92,376,51,38,0.6979107856750488,2.0,-1,-1,-1
30577,117,33,454,60,45,0.6046287417411804,2.0,-1,-1,-1
30577,119,217,321,24,24,0.7391950488090515,2.0,-1,-1,-1
30577,120,196,362,33,30,0.7746098637580872,2.0,-1,-1,-1
30577,118,319,274,21,12,0.5315843820571899,2.0,-1,-1,-1
30577,121,278,291,18,18,0.7450718879699707,2.0,-1,-1,-1
30577,122,264,317,23,21,0.7261015772819519,2.0,-1,-1,-1
30593,116,80,376,57,43,0.6694393754005432,2.0,-1,-1,-1
30593,119,204,328,26,26,0.7267618775367737,2.0,-1,-1,-1
30593,120,193,357,36,33,0.7301044464111328,2.0,-1,-1,-1
30593,121,269,296,18,17,0.7242718935012817,2.0,-1,-1,-1
30593,122,260,323,23,21,0.7173221707344055,2.0,-1,-1,-1
30609,119,198,325,32,32,0.6664393544197083,2.0,-1,-1,-1
30609,121,290,300,17,16,0.5253735780715942,2.0,-1,-1,-1
30609,122,260,316,26,24,0.5796757936477661,2.0,-1,-1,-1
30625,122,262,300,24,22,0.5390381813049316,2.0,-1,-1,-1
30801,123,105,306,30,21,0.6100766658782959,2.0,-1,-1,-1
30929,123,116,297,26,17,0.6885054707527161,2.0,-1,-1,-1
31057,123,75,401,67,45,0.7916375398635864,2.0,-1,-1,-1
31089,123,168,369,48,33,0.714720606803894,2.0,-1,-1,-1
31169,124,68,306,32,22,0.6943477988243103,2.0,-1,-1,-1
31169,123,188,359,55,38,0.7533317804336548,2.0,-1,-1,-1
31217,123,176,358,47,33,0.6925081610679626,2.0,-1,-1,-1
31233,123,138,386,67,48,0.5656937956809998,2.0,-1,-1,-1
31281,123,37,410,85,61,0.5863914489746094,2.0,-1,-1,-1
31297,123,34,414,76,55,0.6537549495697021,2.0,-1,-1,-1
31297,125,222,312,33,28,0.770910918712616,2.0,-1,-1,-1
31313,125,239,311,28,24,0.4932856261730194,2.0,-1,-1,-1
31329,125,201,331,31,26,0.7516970634460449,2.0,-1,-1,-1
31745,125,167,357,51,43,0.7864412665367126,2.0,-1,-1,-1
31761,125,206,338,45,38,0.7846223711967468,2.0,-1,-1,-1
31777,125,260,311,33,28,0.5156353712081909,2.0,-1,-1,-1
32017,125,162,305,24,20,0.5949852466583252,2.0,-1,-1,-1
32033,125,80,307,28,23,0.5485570430755615,2.0,-1,-1,-1
32081,126,63,388,71,48,0.7356078624725342,2.0,-1,-1,-1
32081,127,99,300,37,29,0.6708701252937317,2.0,-1,-1,-1
32097,126,158,344,54,36,0.7850645780563354,2.0,-1,-1,-1
32113,126,227,311,38,26,0.5316693782806396,2.0,-1,-1,-1
32113,127,80,308,25,19,0.6548320651054382,2.0,-1,-1,-1
32257,128,116,302,28,19,0.7716378569602966,2.0,-1,-1,-1
32305,128,43,396,67,45,0.6907687783241272,2.0,-1,-1,-1
32321,128,139,361,52,35,0.5635349154472351,2.0,-1,-1,-1
32497,128,86,324,33,22,0.7539277076721191,2.0,-1,-1,-1
32529,128,140,295,20,13,0.5643308758735657,2.0,-1,-1,-1
32545,128,147,293,23,15,0.1446683704853058,2.0,-1,-1,-1
32625,128,242,299,32,21,0.5104132890701294,2.0,-1,-1,-1
32641,128,287,287,27,18,0.5248698592185974,2.0,-1,-1,-1
32657,128,260,301,32,22,0.5175063610076904,2.0,-1,-1,-1
32721,129,196,285,24,17,0.7077279090881348,2.0,-1,-1,-1
32737,129,143,299,34,24,0.7296159267425537,2.0,-1,-1,-1
32753,129,78,317,44,31,0.6308826208114624,2.0,-1,-1,-1
32849,130,55,315,34,18,0.6386429071426392,2.0,-1,-1,-1
