1153,1,643,639,82,37,0.6391956210136414,2.0,-1,-1,-1
1393,2,1036,799,352,139,0.7480026483535767,7.0,-1,-1,-1
1409,2,938,798,338,134,0.6756605505943298,7.0,-1,-1,-1
1425,2,831,786,328,130,0.5854877233505249,7.0,-1,-1,-1
1441,2,728,763,313,125,0.5586125254631042,2.0,-1,-1,-1
1457,2,659,744,271,110,0.7259915471076965,2.0,-1,-1,-1
1473,2,615,725,242,100,0.5915018320083618,2.0,-1,-1,-1
1489,2,602,710,206,88,0.22886481881141663,7.0,-1,-1,-1
1521,2,621,693,159,70,0.12673771381378174,2.0,-1,-1,-1
1601,3,740,659,87,56,0.634488046169281,2.0,-1,-1,-1
1617,3,754,657,83,54,0.41119396686553955,2.0,-1,-1,-1
1633,3,685,648,68,44,0.5895239114761353,2.0,-1,-1,-1
1649,3,687,648,69,44,0.2977352738380432,2.0,-1,-1,-1
1745,4,725,720,78,94,0.6778019070625305,7.0,-1,-1,-1
1761,4,737,738,92,111,0.5743600726127625,7.0,-1,-1,-1
1777,4,766,760,111,131,0.6013308763504028,2.0,-1,-1,-1
1793,4,829,789,140,162,0.5959213972091675,7.0,-1,-1,-1
1809,4,931,821,170,188,0.6921626329421997,2.0,-1,-1,-1
1825,4,1082,854,186,193,0.6694150567054749,2.0,-1,-1,-1
1841,4,1260,877,187,180,0.8017522096633911,7.0,-1,-1,-1
3905,5,725,632,89,33,0.6015028357505798,2.0,-1,-1,-1
5681,6,441,628,80,36,0.6392000317573547,2.0,-1,-1,-1
6145,7,776,637,93,31,0.6501163840293884,2.0,-1,-1,-1
7233,8,756,662,61,52,0.617195188999176,2.0,-1,-1,-1
7249,8,465,631,41,35,0.6259399652481079,2.0,-1,-1,-1
7265,8,577,634,42,35,0.5935363173484802,2.0,-1,-1,-1
7297,8,575,631,32,25,0.5107572078704834,2.0,-1,-1,-1
7313,8,731,657,59,46,0.6321859359741211,2.0,-1,-1,-1
7329,8,772,664,63,49,0.6178855895996094,2.0,-1,-1,-1
7345,8,784,665,66,52,0.6468753218650818,2.0,-1,-1,-1
7409,8,789,664,67,53,0.5998644828796387,2.0,-1,-1,-1
7425,8,780,661,67,54,0.618448793888092,2.0,-1,-1,-1
7441,8,780,662,63,51,0.500190258026123,2.0,-1,-1,-1
10865,9,659,638,106,43,0.6559010148048401,2.0,-1,-1,-1
10913,9,552,634,82,33,0.6658948659896851,2.0,-1,-1,-1
11009,10,440,622,85,39,0.67254638671875,2.0,-1,-1,-1
11025,10,619,631,92,43,0.673862099647522,2.0,-1,-1,-1
11377,11,563,633,89,46,0.6487212777137756,2.0,-1,-1,-1
11393,11,600,634,89,46,0.5504492521286011,2.0,-1,-1,-1
11409,11,637,637,90,47,0.7246280908584595,2.0,-1,-1,-1
11425,11,670,640,96,50,0.5794401168823242,2.0,-1,-1,-1
11441,11,700,646,97,51,0.3235798180103302,2.0,-1,-1,-1
11457,11,724,650,103,55,0.31391599774360657,2.0,-1,-1,-1
11617,12,787,757,123,114,0.6955952048301697,2.0,-1,-1,-1
11633,12,805,775,134,124,0.6446973085403442,2.0,-1,-1,-1
11649,12,817,775,171,158,0.570219874382019,7.0,-1,-1,-1
11665,12,838,785,204,189,0.505650520324707,7.0,-1,-1,-1
11681,12,871,806,238,220,0.5974739193916321,2.0,-1,-1,-1
11697,12,923,835,256,234,0.5217610001564026,2.0,-1,-1,-1
11713,12,983,858,257,229,0.5420194268226624,2.0,-1,-1,-1
11729,12,1040,883,242,209,0.3588259816169739,2.0,-1,-1,-1
11793,12,1186,953,178,139,0.10778755694627762,2.0,-1,-1,-1
11809,12,647,708,78,58,0.585308313369751,2.0,-1,-1,-1
15777,13,878,642,82,28,0.6296600699424744,2.0,-1,-1,-1
17761,14,507,628,89,37,0.6280695199966431,2.0,-1,-1,-1
17777,14,692,636,96,40,0.561677873134613,2.0,-1,-1,-1
17953,15,403,622,81,35,0.7033507227897644,2.0,-1,-1,-1
17969,15,558,631,88,38,0.5606569647789001,2.0,-1,-1,-1
17985,15,743,641,89,39,0.6125050187110901,2.0,-1,-1,-1
18081,16,515,630,92,39,0.6020650267601013,2.0,-1,-1,-1
18609,17,871,768,172,111,0.6821301579475403,2.0,-1,-1,-1
18625,17,927,779,195,126,0.6807693839073181,2.0,-1,-1,-1
18641,17,1003,790,227,146,0.796931803226471,2.0,-1,-1,-1
18657,17,1111,811,245,157,0.710941731929779,2.0,-1,-1,-1
18673,17,1230,942,178,107,0.5186102390289307,2.0,-1,-1,-1
18689,17,1306,997,140,82,0.1443864405155182,2.0,-1,-1,-1
18705,17,1281,1008,138,75,0.12564165890216827,2.0,-1,-1,-1
18721,17,1272,1011,142,72,0.12417477369308472,2.0,-1,-1,-1
18737,17,1264,1011,150,72,0.12638123333454132,2.0,-1,-1,-1
18753,17,1257,1010,161,72,0.10302958637475967,2.0,-1,-1,-1
18769,17,1250,1008,171,72,0.10038203746080399,2.0,-1,-1,-1
18785,17,1244,1007,180,73,0.11144308745861053,2.0,-1,-1,-1
18801,17,1239,1006,189,73,0.10353829711675644,2.0,-1,-1,-1
18817,17,1234,1006,197,73,0.10736237466335297,2.0,-1,-1,-1
18833,17,1230,1006,205,73,0.12386376410722733,2.0,-1,-1,-1
18849,17,1226,1006,212,73,0.1777551770210266,2.0,-1,-1,-1
18865,17,1223,1006,216,72,0.1612427681684494,2.0,-1,-1,-1
18881,17,1220,1006,221,71,0.13970962166786194,2.0,-1,-1,-1
18897,17,1217,1005,229,72,0.10924337059259415,2.0,-1,-1,-1
18913,17,1212,1004,237,73,0.1272832453250885,2.0,-1,-1,-1
18929,17,1210,1004,242,73,0.15942037105560303,2.0,-1,-1,-1
18945,17,1207,1004,247,74,0.14282648265361786,2.0,-1,-1,-1
18961,17,1205,1004,251,74,0.1442091017961502,2.0,-1,-1,-1
18977,17,1203,1004,254,74,0.14480122923851013,2.0,-1,-1,-1
19009,17,918,763,148,43,0.5661012530326843,2.0,-1,-1,-1
20545,18,861,638,75,30,0.658298909664154,2.0,-1,-1,-1
20561,18,681,633,70,28,0.5395066738128662,2.0,-1,-1,-1
23777,19,732,658,112,56,0.63680100440979,2.0,-1,-1,-1
23793,19,695,662,120,60,0.4912090003490448,2.0,-1,-1,-1
23809,19,662,668,130,65,0.658811628818512,2.0,-1,-1,-1
23825,19,632,676,141,72,0.678807258605957,2.0,-1,-1,-1
23841,19,614,685,153,80,0.6366304755210876,2.0,-1,-1,-1
23857,19,615,693,162,87,0.5638259649276733,2.0,-1,-1,-1
23873,19,629,705,176,97,0.6313974857330322,2.0,-1,-1,-1
23889,19,658,717,188,104,0.5128459930419922,2.0,-1,-1,-1
23905,19,700,729,203,112,0.582608163356781,2.0,-1,-1,-1
23921,19,767,746,210,113,0.38182130455970764,7.0,-1,-1,-1
23937,19,852,761,212,110,0.4565664231777191,7.0,-1,-1,-1
23953,19,945,772,212,105,0.47929996252059937,7.0,-1,-1,-1
23969,19,1047,775,215,102,0.5397615432739258,2.0,-1,-1,-1
23985,19,1133,778,210,97,0.38418513536453247,7.0,-1,-1,-1
24001,19,1209,926,201,88,0.596406102180481,2.0,-1,-1,-1
24017,19,1235,983,199,83,0.26436346769332886,2.0,-1,-1,-1
24033,19,1240,1001,204,81,0.19373898208141327,2.0,-1,-1,-1
24049,19,1239,1008,209,80,0.15867309272289276,2.0,-1,-1,-1
24065,19,1234,1008,217,80,0.14461934566497803,2.0,-1,-1,-1
24081,19,1229,1007,224,80,0.1426994502544403,2.0,-1,-1,-1
24097,19,1226,1007,228,80,0.1416187882423401,2.0,-1,-1,-1
24113,19,1221,1006,233,80,0.21829670667648315,2.0,-1,-1,-1
24129,19,1218,1005,238,80,0.18822836875915527,2.0,-1,-1,-1
24145,19,1214,1004,244,80,0.1933949589729309,2.0,-1,-1,-1
24161,19,1211,1003,248,80,0.15850086510181427,2.0,-1,-1,-1
24177,19,1208,1002,253,80,0.13960838317871094,2.0,-1,-1,-1
24193,19,1206,1002,254,80,0.14300456643104553,2.0,-1,-1,-1
24209,19,1204,1002,256,79,0.1267244815826416,2.0,-1,-1,-1
24225,19,1202,1001,260,79,0.13814757764339447,2.0,-1,-1,-1
24241,19,1201,1001,261,79,0.1477488875389099,2.0,-1,-1,-1
24257,19,1199,1000,264,79,0.16040463745594025,2.0,-1,-1,-1
24273,19,1197,999,267,79,0.1447901874780655,2.0,-1,-1,-1
24289,19,1197,1000,266,78,0.15028761327266693,2.0,-1,-1,-1
24305,19,741,756,165,50,0.5427908301353455,2.0,-1,-1,-1
24593,20,596,638,90,40,0.6906843781471252,2.0,-1,-1,-1
24609,20,636,641,99,43,0.6327521204948425,2.0,-1,-1,-1
24657,20,722,660,105,47,0.7040127515792847,2.0,-1,-1,-1
24673,20,739,666,108,50,0.271378755569458,2.0,-1,-1,-1
24689,20,746,675,113,53,0.4054482877254486,2.0,-1,-1,-1
24705,20,751,685,118,57,0.2826002836227417,2.0,-1,-1,-1
24721,20,755,696,126,64,0.6652107238769531,2.0,-1,-1,-1
24721,21,769,638,89,42,0.710625171661377,2.0,-1,-1,-1
24737,20,760,708,136,72,0.7071905136108398,2.0,-1,-1,-1
24753,20,767,721,150,82,0.2078554332256317,2.0,-1,-1,-1
24769,20,777,735,168,94,0.18109627068042755,7.0,-1,-1,-1
24785,20,795,754,183,105,0.7132500410079956,2.0,-1,-1,-1
24801,20,824,775,206,120,0.7055532932281494,2.0,-1,-1,-1
24801,22,773,635,81,33,0.6036673784255981,2.0,-1,-1,-1
24817,20,870,798,234,137,0.8056272268295288,2.0,-1,-1,-1
24833,20,934,822,265,155,0.802156925201416,2.0,-1,-1,-1
24849,20,1029,847,281,159,0.7179579138755798,2.0,-1,-1,-1
24865,20,1137,866,312,173,0.5270407795906067,2.0,-1,-1,-1
24881,20,1217,881,347,186,0.1454252451658249,7.0,-1,-1,-1
24897,20,1341,901,276,148,0.6650862693786621,7.0,-1,-1,-1
26209,23,780,636,84,30,0.6058539152145386,2.0,-1,-1,-1
26289,24,927,869,389,210,0.630668044090271,2.0,-1,-1,-1
26305,24,927,869,389,210,0.5201228857040405,2.0,-1,-1,-1
26321,24,914,872,381,206,0.15197686851024628,2.0,-1,-1,-1
26353,24,1048,894,344,183,0.46370986104011536,2.0,-1,-1,-1
26369,24,1175,912,314,163,0.428384929895401,2.0,-1,-1,-1
26385,24,1328,919,303,154,0.5814592838287354,2.0,-1,-1,-1
27153,25,536,632,92,33,0.6243866086006165,2.0,-1,-1,-1
28257,26,782,657,78,45,0.7376021146774292,2.0,-1,-1,-1
28273,26,767,662,81,46,0.6155964136123657,2.0,-1,-1,-1
28289,26,755,669,78,45,0.6256469488143921,2.0,-1,-1,-1
28305,26,740,670,89,52,0.26486238837242126,2.0,-1,-1,-1
28321,26,733,677,86,50,0.37636256217956543,2.0,-1,-1,-1
28337,26,728,680,88,53,0.13536138832569122,7.0,-1,-1,-1
28353,26,725,683,90,55,0.7045958638191223,2.0,-1,-1,-1
28369,26,724,687,86,54,0.49102118611335754,2.0,-1,-1,-1
28385,26,724,689,87,55,0.3252706229686737,7.0,-1,-1,-1
28401,26,726,693,84,55,0.36014524102211,2.0,-1,-1,-1
28417,26,728,694,83,56,0.3861926794052124,2.0,-1,-1,-1
28433,26,728,694,84,58,0.31743288040161133,2.0,-1,-1,-1
28449,26,730,695,84,59,0.3714781403541565,2.0,-1,-1,-1
28465,26,731,694,86,61,0.522093653678894,2.0,-1,-1,-1
28481,26,733,694,88,64,0.37725338339805603,7.0,-1,-1,-1
28497,26,738,701,82,61,0.7038739919662476,2.0,-1,-1,-1
28513,26,742,704,82,61,0.676746129989624,2.0,-1,-1,-1
28529,26,745,705,84,63,0.5767228603363037,2.0,-1,-1,-1
28545,26,748,708,88,67,0.33892616629600525,2.0,-1,-1,-1
28577,26,759,714,94,71,0.20283442735671997,7.0,-1,-1,-1
28593,26,769,716,100,75,0.772549033164978,2.0,-1,-1,-1
28609,26,781,719,103,76,0.6768514513969421,2.0,-1,-1,-1
28625,26,792,722,108,78,0.17851436138153076,2.0,-1,-1,-1
28753,26,821,728,118,84,0.10416993498802185,2.0,-1,-1,-1
28801,26,832,731,122,85,0.14432954788208008,2.0,-1,-1,-1
28817,26,835,729,129,89,0.10939166694879532,2.0,-1,-1,-1
28833,26,839,732,130,88,0.20462331175804138,2.0,-1,-1,-1
29009,27,1100,774,198,89,0.8239975571632385,2.0,-1,-1,-1
29025,27,1102,774,224,101,0.7913300395011902,2.0,-1,-1,-1
29041,27,1103,776,244,111,0.8258910775184631,2.0,-1,-1,-1
29057,27,1101,780,259,119,0.8261857032775879,2.0,-1,-1,-1
29073,27,1096,785,267,126,0.7708194851875305,2.0,-1,-1,-1
29089,27,1067,792,276,134,0.7150652408599854,2.0,-1,-1,-1
29105,27,1041,802,279,138,0.8119004368782043,2.0,-1,-1,-1
29121,27,1015,808,284,143,0.778643786907196,2.0,-1,-1,-1
29137,27,997,813,285,145,0.8086029291152954,2.0,-1,-1,-1
29153,27,988,815,284,147,0.8148974180221558,2.0,-1,-1,-1
29169,27,987,817,281,147,0.8228935599327087,2.0,-1,-1,-1
29185,27,988,816,277,147,0.8141079545021057,2.0,-1,-1,-1
29201,27,994,815,272,147,0.8442173600196838,2.0,-1,-1,-1
29217,27,1000,815,267,146,0.8100713491439819,2.0,-1,-1,-1
29233,27,1008,813,262,146,0.8343089818954468,2.0,-1,-1,-1
29249,27,1022,811,253,143,0.870587170124054,2.0,-1,-1,-1
29265,27,1037,808,245,142,0.8505977988243103,2.0,-1,-1,-1
29281,27,1053,802,239,141,0.8443565368652344,2.0,-1,-1,-1
29297,27,1070,797,227,136,0.8566290140151978,2.0,-1,-1,-1
29313,27,1088,793,212,128,0.8624374866485596,2.0,-1,-1,-1
29329,27,1099,788,206,124,0.8637799024581909,2.0,-1,-1,-1
29345,27,1110,784,201,121,0.8597823977470398,2.0,-1,-1,-1
29361,27,1121,781,197,118,0.8687716722488403,2.0,-1,-1,-1
29377,27,1132,779,194,115,0.8641016483306885,2.0,-1,-1,-1
29393,27,1140,777,191,111,0.7526242136955261,2.0,-1,-1,-1
29409,27,1151,777,180,103,0.36108988523483276,2.0,-1,-1,-1
29441,27,1158,777,178,100,0.21174374222755432,2.0,-1,-1,-1
29457,27,1158,777,181,100,0.13270625472068787,2.0,-1,-1,-1
29473,27,1157,776,184,100,0.31795549392700195,2.0,-1,-1,-1
29489,27,1158,777,184,98,0.2558152377605438,2.0,-1,-1,-1
29505,27,1149,778,191,101,0.2809705436229706,2.0,-1,-1,-1
29521,27,1129,779,193,100,0.738304615020752,2.0,-1,-1,-1
29537,27,1102,780,190,96,0.8438679575920105,2.0,-1,-1,-1
29553,27,1071,782,188,92,0.8400982618331909,2.0,-1,-1,-1
29569,27,1051,783,189,90,0.8596001267433167,2.0,-1,-1,-1
29585,27,1044,783,191,89,0.8783245086669922,2.0,-1,-1,-1
29601,27,1040,783,196,89,0.8738261461257935,2.0,-1,-1,-1
29617,27,1038,783,200,90,0.8646199703216553,2.0,-1,-1,-1
29633,27,1042,784,203,90,0.843881368637085,2.0,-1,-1,-1
29649,27,1051,782,207,91,0.8645913600921631,2.0,-1,-1,-1
29665,27,1068,782,209,91,0.8461915850639343,2.0,-1,-1,-1
29681,27,1087,782,211,91,0.8596828579902649,2.0,-1,-1,-1
29697,27,1109,780,213,91,0.8407619595527649,2.0,-1,-1,-1
29713,27,1134,778,213,90,0.832205057144165,2.0,-1,-1,-1
29729,27,1162,779,210,88,0.5162677764892578,2.0,-1,-1,-1
29745,27,1182,779,207,88,0.4045772850513458,2.0,-1,-1,-1
29809,27,1219,790,179,77,0.118776336312294,2.0,-1,-1,-1
29825,27,1232,796,161,71,0.15477287769317627,2.0,-1,-1,-1
29857,27,1252,802,134,61,0.13954438269138336,2.0,-1,-1,-1
29937,27,1368,906,287,131,0.6806178689002991,2.0,-1,-1,-1
29953,27,1347,915,331,153,0.7906784415245056,2.0,-1,-1,-1
29969,27,1292,900,380,179,0.687597393989563,2.0,-1,-1,-1
29985,27,1247,885,391,187,0.8595144152641296,2.0,-1,-1,-1
30001,27,1208,866,375,182,0.7169346809387207,2.0,-1,-1,-1
30017,27,1175,845,350,174,0.7994108200073242,2.0,-1,-1,-1
30033,27,1151,825,318,162,0.6458313465118408,2.0,-1,-1,-1
30049,27,1131,807,289,152,0.8235506415367126,2.0,-1,-1,-1
30065,27,1112,794,259,139,0.8240026831626892,2.0,-1,-1,-1
30081,27,1092,785,227,123,0.7671209573745728,2.0,-1,-1,-1
30097,27,1061,779,203,109,0.7155249118804932,2.0,-1,-1,-1
30113,27,1024,775,185,96,0.5136484503746033,7.0,-1,-1,-1
30129,27,975,774,173,87,0.22807322442531586,7.0,-1,-1,-1
30145,27,914,771,172,83,0.24072962999343872,7.0,-1,-1,-1
30161,27,847,764,184,86,0.7950991988182068,2.0,-1,-1,-1
30177,27,780,760,196,91,0.5689601302146912,2.0,-1,-1,-1
30193,27,710,759,205,93,0.7436575293540955,2.0,-1,-1,-1
30209,27,638,758,216,98,0.6034490466117859,2.0,-1,-1,-1
30225,27,567,758,230,104,0.7697799801826477,2.0,-1,-1,-1
30241,27,500,761,239,108,0.7475135922431946,2.0,-1,-1,-1
30257,27,439,764,247,112,0.5938411355018616,2.0,-1,-1,-1
30273,27,394,768,243,111,0.44548267126083374,2.0,-1,-1,-1
30289,27,365,773,239,112,0.40862929821014404,2.0,-1,-1,-1
30305,27,350,782,212,102,0.5627597570419312,2.0,-1,-1,-1
30401,27,618,684,113,52,0.5347664952278137,2.0,-1,-1,-1
30529,27,434,630,69,31,0.5828864574432373,2.0,-1,-1,-1
30545,27,548,632,75,35,0.6290934681892395,2.0,-1,-1,-1
30561,27,714,638,78,35,0.7395889163017273,2.0,-1,-1,-1
30929,28,757,637,83,29,0.6153738498687744,2.0,-1,-1,-1
32113,29,948,774,343,169,0.7926973700523376,2.0,-1,-1,-1
32129,29,891,777,336,165,0.5721933841705322,2.0,-1,-1,-1
32145,29,824,772,337,166,0.6240208148956299,2.0,-1,-1,-1
32161,29,747,760,348,172,0.7900515794754028,2.0,-1,-1,-1
32177,29,681,749,351,175,0.8029276132583618,2.0,-1,-1,-1
32193,29,626,739,345,174,0.8003126382827759,2.0,-1,-1,-1
32209,29,591,731,317,162,0.7972984313964844,2.0,-1,-1,-1
32225,29,563,721,295,154,0.744193434715271,2.0,-1,-1,-1
32241,29,549,713,265,142,0.8691535592079163,2.0,-1,-1,-1
32257,29,539,703,244,135,0.38669514656066895,2.0,-1,-1,-1
32273,29,539,694,223,129,0.5658398270606995,7.0,-1,-1,-1
32289,29,550,687,200,121,0.4907187223434448,7.0,-1,-1,-1
32305,29,568,680,178,113,0.5018253326416016,7.0,-1,-1,-1
32321,29,590,675,158,104,0.42873480916023254,7.0,-1,-1,-1
32337,29,611,669,141,96,0.4248686730861664,7.0,-1,-1,-1
32353,29,632,665,129,91,0.3119753897190094,7.0,-1,-1,-1
32385,29,666,656,115,83,0.3406490385532379,7.0,-1,-1,-1
32401,29,692,653,107,78,0.3956094980239868,2.0,-1,-1,-1
32433,29,725,645,99,74,0.20531627535820007,7.0,-1,-1,-1
32449,29,745,642,92,70,0.23730213940143585,2.0,-1,-1,-1
32465,29,757,640,90,69,0.3447975516319275,2.0,-1,-1,-1
32481,29,766,638,86,67,0.5570199489593506,2.0,-1,-1,-1
32497,29,772,639,81,64,0.5171274542808533,2.0,-1,-1,-1
32513,29,778,636,82,66,0.4452296793460846,2.0,-1,-1,-1
32529,29,784,636,81,65,0.599714994430542,2.0,-1,-1,-1
32545,29,789,635,78,64,0.4761084020137787,2.0,-1,-1,-1
32561,29,793,634,76,63,0.24156296253204346,2.0,-1,-1,-1
32577,29,795,630,76,64,0.26785510778427124,2.0,-1,-1,-1
32609,29,794,627,68,58,0.2663600742816925,2.0,-1,-1,-1
32625,29,780,623,66,57,0.8083604574203491,2.0,-1,-1,-1
32641,29,761,621,66,55,0.10735670477151871,7.0,-1,-1,-1
32657,29,734,617,67,53,0.2758709490299225,2.0,-1,-1,-1
32865,29,635,618,54,39,0.5165754556655884,2.0,-1,-1,-1
32881,29,1023,770,130,86,0.8696713447570801,2.0,-1,-1,-1
32897,29,1046,800,155,95,0.897165060043335,2.0,-1,-1,-1
32913,29,991,805,166,97,0.844356894493103,2.0,-1,-1,-1
32929,29,911,796,168,96,0.7447633147239685,2.0,-1,-1,-1
32945,29,841,781,156,89,0.5908956527709961,2.0,-1,-1,-1
32961,29,787,762,142,81,0.7705538272857666,2.0,-1,-1,-1
33057,30,684,640,90,40,0.7283267378807068,2.0,-1,-1,-1
33073,30,494,632,78,35,0.5035099387168884,2.0,-1,-1,-1
33121,30,750,665,89,41,0.5945995450019836,2.0,-1,-1,-1
33137,30,655,648,82,37,0.5626285076141357,2.0,-1,-1,-1
33153,30,736,647,109,51,0.6271499395370483,2.0,-1,-1,-1
33169,30,776,660,89,43,0.5607547163963318,2.0,-1,-1,-1
33185,30,787,663,83,41,0.5954810976982117,2.0,-1,-1,-1
33201,30,790,664,80,41,0.640383780002594,2.0,-1,-1,-1
33217,30,792,665,76,40,0.3384788930416107,2.0,-1,-1,-1
34977,31,1112,782,230,85,0.7293091416358948,2.0,-1,-1,-1
34993,31,1041,782,216,80,0.8187704682350159,2.0,-1,-1,-1
35009,31,959,777,219,81,0.7567704916000366,2.0,-1,-1,-1
35073,31,780,737,194,73,0.6293920874595642,2.0,-1,-1,-1
35089,31,714,716,171,66,0.25417473912239075,2.0,-1,-1,-1
36417,32,706,845,291,173,0.8424650430679321,2.0,-1,-1,-1
36433,32,755,862,328,195,0.8391316533088684,2.0,-1,-1,-1
36449,32,809,881,326,194,0.8306547403335571,2.0,-1,-1,-1
36465,32,880,908,291,173,0.7991095781326294,2.0,-1,-1,-1
36481,32,939,932,253,149,0.6165411472320557,2.0,-1,-1,-1
36497,32,992,960,211,121,0.3970029056072235,2.0,-1,-1,-1
36513,32,1028,985,174,95,0.2590978145599365,2.0,-1,-1,-1
36529,32,1057,1002,148,77,0.19602973759174347,2.0,-1,-1,-1
36545,32,1072,1010,140,70,0.20105570554733276,2.0,-1,-1,-1
36561,32,1074,1011,144,68,0.25449123978614807,2.0,-1,-1,-1
36577,32,1071,1011,149,68,0.25199663639068604,2.0,-1,-1,-1
36593,32,1066,1011,157,68,0.2697416841983795,2.0,-1,-1,-1
36609,32,1063,1010,163,69,0.16010572016239166,2.0,-1,-1,-1
36625,32,1058,1010,170,70,0.2441767454147339,2.0,-1,-1,-1
36641,32,1055,1009,175,70,0.231166273355484,2.0,-1,-1,-1
36657,32,1053,1009,180,70,0.3090776801109314,2.0,-1,-1,-1
36673,32,1050,1009,185,70,0.2494444102048874,2.0,-1,-1,-1
36689,32,1051,1009,190,70,0.2324836701154709,2.0,-1,-1,-1
36705,32,1047,1009,193,70,0.25085633993148804,2.0,-1,-1,-1
36721,32,1043,1009,197,70,0.1836705505847931,2.0,-1,-1,-1
36737,32,1041,1009,201,71,0.27314040064811707,2.0,-1,-1,-1
36753,32,1039,1008,204,71,0.17970901727676392,2.0,-1,-1,-1
36769,32,1039,1008,206,71,0.15712258219718933,2.0,-1,-1,-1
36785,32,1038,1008,207,71,0.17767691612243652,2.0,-1,-1,-1
36801,32,1038,1008,209,71,0.21054747700691223,2.0,-1,-1,-1
36817,32,1038,1008,212,71,0.17506296932697296,2.0,-1,-1,-1
36833,32,1038,1008,213,71,0.2263760268688202,2.0,-1,-1,-1
36849,32,1037,1008,215,72,0.2801866829395294,2.0,-1,-1,-1
36865,32,1036,1007,216,72,0.22160637378692627,2.0,-1,-1,-1
36881,32,1035,1007,218,72,0.2311217188835144,2.0,-1,-1,-1
36897,32,1035,1007,218,72,0.17435576021671295,2.0,-1,-1,-1
36913,32,1032,1007,219,72,0.12247390300035477,2.0,-1,-1,-1
36929,32,1031,1007,221,72,0.12477493286132812,2.0,-1,-1,-1
36945,32,1030,1007,222,72,0.12297572195529938,2.0,-1,-1,-1
36961,32,1029,1007,223,72,0.15897008776664734,2.0,-1,-1,-1
36977,32,1028,1007,224,72,0.15698938071727753,2.0,-1,-1,-1
36993,32,1029,1007,225,72,0.16202661395072937,2.0,-1,-1,-1
37009,32,1029,1007,226,72,0.19297920167446136,2.0,-1,-1,-1
37025,32,1028,1007,227,72,0.2629033923149109,2.0,-1,-1,-1
37041,32,1027,1007,228,72,0.3126177489757538,2.0,-1,-1,-1
37057,32,1026,1007,228,72,0.20094819366931915,2.0,-1,-1,-1
37073,32,1025,1007,229,72,0.20286358892917633,2.0,-1,-1,-1
37089,32,1025,1007,229,72,0.17372089624404907,2.0,-1,-1,-1
37105,32,1025,1007,230,72,0.19018012285232544,2.0,-1,-1,-1
37121,32,1025,1007,230,72,0.2146541327238083,2.0,-1,-1,-1
37137,32,1024,1007,231,72,0.1891993135213852,2.0,-1,-1,-1
37153,32,1024,1007,231,72,0.2207212895154953,2.0,-1,-1,-1
37169,32,1024,1007,231,72,0.20117123425006866,2.0,-1,-1,-1
37185,32,1024,1007,231,72,0.22993938624858856,2.0,-1,-1,-1
37201,32,1024,1007,231,72,0.1317417323589325,2.0,-1,-1,-1
37217,32,1024,1007,231,72,0.15221109986305237,2.0,-1,-1,-1
37233,32,1024,1007,231,72,0.15865935385227203,2.0,-1,-1,-1
37249,32,1024,1007,232,72,0.20165228843688965,2.0,-1,-1,-1
37265,32,1023,1007,232,72,0.16003219783306122,2.0,-1,-1,-1
37281,32,1024,1007,232,72,0.15114082396030426,2.0,-1,-1,-1
37297,32,1024,1007,232,72,0.16320563852787018,2.0,-1,-1,-1
37313,32,1023,1007,232,72,0.14250768721103668,2.0,-1,-1,-1
37329,32,1023,1007,232,72,0.14477360248565674,2.0,-1,-1,-1
37345,32,1023,1007,232,72,0.15803852677345276,2.0,-1,-1,-1
37361,32,1022,1007,233,72,0.14167705178260803,2.0,-1,-1,-1
37377,32,1021,1007,234,72,0.12167071551084518,2.0,-1,-1,-1
37393,32,1021,1007,234,72,0.19558311998844147,2.0,-1,-1,-1
37409,32,1020,1007,235,72,0.23292726278305054,2.0,-1,-1,-1
37425,32,1021,1007,234,72,0.2146833837032318,2.0,-1,-1,-1
37441,32,1021,1007,235,72,0.21218310296535492,2.0,-1,-1,-1
37457,32,1021,1007,235,72,0.208989217877388,2.0,-1,-1,-1
37473,32,1021,1007,235,72,0.24755285680294037,2.0,-1,-1,-1
37489,32,1021,1007,235,72,0.2326676845550537,2.0,-1,-1,-1
37505,32,1023,1007,234,72,0.11481283605098724,2.0,-1,-1,-1
37521,32,1024,1007,234,72,0.14975400269031525,2.0,-1,-1,-1
37537,32,1024,1007,234,72,0.13722702860832214,2.0,-1,-1,-1
37553,32,1024,1007,234,72,0.1809133142232895,2.0,-1,-1,-1
37569,32,1024,1007,234,72,0.2266610860824585,2.0,-1,-1,-1
37585,32,1025,1007,234,72,0.19180649518966675,2.0,-1,-1,-1
37601,32,1025,1007,234,72,0.20517300069332123,2.0,-1,-1,-1
37617,32,1024,1007,234,72,0.1642606258392334,2.0,-1,-1,-1
37633,32,1025,1007,234,72,0.16785816848278046,2.0,-1,-1,-1
37649,32,1025,1007,233,72,0.16495461761951447,2.0,-1,-1,-1
37665,32,1024,1007,235,72,0.12191006541252136,2.0,-1,-1,-1
37681,32,1024,1007,235,72,0.13686047494411469,2.0,-1,-1,-1
37697,32,1022,1007,236,72,0.14918072521686554,2.0,-1,-1,-1
37713,32,1022,1007,236,72,0.1468229740858078,2.0,-1,-1,-1
37729,32,1022,1007,236,72,0.1368335634469986,2.0,-1,-1,-1
37745,32,1020,1007,236,72,0.11572935432195663,2.0,-1,-1,-1
37761,32,1019,1007,235,72,0.16734805703163147,2.0,-1,-1,-1
37777,32,1038,1007,240,71,0.16007515788078308,2.0,-1,-1,-1
37793,32,1025,1007,244,72,0.24594374001026154,2.0,-1,-1,-1
37809,32,1020,1007,244,72,0.13992278277873993,2.0,-1,-1,-1
37825,32,1018,1007,245,72,0.13471737504005432,2.0,-1,-1,-1
37841,32,1016,1007,244,72,0.17511598765850067,2.0,-1,-1,-1
37857,32,1015,1007,244,72,0.13595141470432281,2.0,-1,-1,-1
37873,32,1015,1007,243,72,0.11548174917697906,2.0,-1,-1,-1
37889,32,1015,1007,243,72,0.12673160433769226,2.0,-1,-1,-1
37905,32,1015,1007,242,72,0.1610225886106491,2.0,-1,-1,-1
37937,32,1033,1008,247,70,0.13478687405586243,2.0,-1,-1,-1
38209,33,684,643,86,35,0.6642249822616577,2.0,-1,-1,-1
39857,34,1142,777,225,88,0.8028180599212646,2.0,-1,-1,-1
39873,34,1059,775,219,85,0.8178843855857849,2.0,-1,-1,-1
39889,34,990,776,197,77,0.5307806730270386,2.0,-1,-1,-1
40705,35,387,759,95,120,0.7293499708175659,2.0,-1,-1,-1
40721,35,386,753,101,128,0.7568711042404175,2.0,-1,-1,-1
40737,35,388,754,101,127,0.7795044779777527,2.0,-1,-1,-1
40753,35,387,752,103,130,0.7752771377563477,2.0,-1,-1,-1
40769,35,386,751,105,132,0.7568219304084778,2.0,-1,-1,-1
40785,35,387,754,103,129,0.8105289936065674,2.0,-1,-1,-1
40801,35,387,752,105,131,0.7417430281639099,2.0,-1,-1,-1
40817,35,388,748,109,134,0.6553771495819092,2.0,-1,-1,-1
40833,35,395,750,110,132,0.6042190194129944,2.0,-1,-1,-1
40849,35,404,753,112,130,0.4107424318790436,2.0,-1,-1,-1
40865,35,418,762,115,126,0.762561559677124,2.0,-1,-1,-1
40881,35,435,769,123,126,0.7862504124641418,2.0,-1,-1,-1
40897,35,453,772,133,125,0.7835816740989685,2.0,-1,-1,-1
40913,35,476,775,146,127,0.7254081964492798,2.0,-1,-1,-1
40929,35,516,774,156,126,0.6959760785102844,2.0,-1,-1,-1
40945,35,562,774,159,120,0.6342703700065613,2.0,-1,-1,-1
40961,35,606,775,160,114,0.6571543216705322,2.0,-1,-1,-1
40977,35,641,771,165,112,0.6780419945716858,2.0,-1,-1,-1
40993,35,668,766,165,109,0.7914966940879822,2.0,-1,-1,-1
41009,35,692,760,161,106,0.8084520697593689,2.0,-1,-1,-1
41025,35,708,750,155,103,0.7393519878387451,2.0,-1,-1,-1
41025,36,1004,1005,257,73,0.6071755886077881,2.0,-1,-1,-1
41041,35,718,744,143,97,0.5360645651817322,2.0,-1,-1,-1
41041,36,1006,1007,252,72,0.515489399433136,2.0,-1,-1,-1
41057,35,718,737,135,95,0.2652512192726135,2.0,-1,-1,-1
41057,36,1006,1007,252,72,0.34722208976745605,2.0,-1,-1,-1
41073,35,715,732,124,87,0.3534018397331238,7.0,-1,-1,-1
41073,36,1007,1007,252,72,0.4255059063434601,2.0,-1,-1,-1
41089,35,709,727,113,80,0.45535776019096375,2.0,-1,-1,-1
41089,36,1012,1007,255,73,0.260470449924469,2.0,-1,-1,-1
41105,35,698,721,111,79,0.3247705399990082,7.0,-1,-1,-1
41105,36,1011,1006,256,73,0.23055514693260193,2.0,-1,-1,-1
41121,35,691,715,103,74,0.3247302174568176,7.0,-1,-1,-1
41121,36,1007,1006,255,73,0.3314336836338043,2.0,-1,-1,-1
41137,35,686,710,95,69,0.8162769675254822,2.0,-1,-1,-1
41137,36,1006,1007,253,72,0.21777591109275818,2.0,-1,-1,-1
41153,35,686,703,89,66,0.7950012683868408,2.0,-1,-1,-1
41153,36,1007,1008,250,71,0.3857837915420532,2.0,-1,-1,-1
41169,35,689,695,85,64,0.621043860912323,2.0,-1,-1,-1
41169,36,1006,1007,253,72,0.2188313603401184,2.0,-1,-1,-1
41185,35,695,690,81,62,0.7343869209289551,2.0,-1,-1,-1
41185,36,1006,1007,252,72,0.2894185781478882,2.0,-1,-1,-1
41201,35,706,685,75,56,0.4471575617790222,2.0,-1,-1,-1
41201,36,1009,1006,256,73,0.23455815017223358,2.0,-1,-1,-1
41217,35,719,679,74,55,0.4539380967617035,2.0,-1,-1,-1
41217,36,1008,1007,252,72,0.18737949430942535,2.0,-1,-1,-1
41233,35,730,674,73,54,0.5637056231498718,2.0,-1,-1,-1
41233,36,1010,1006,254,73,0.12813448905944824,2.0,-1,-1,-1
41249,35,739,669,74,55,0.6822196841239929,2.0,-1,-1,-1
41249,36,1011,1006,254,73,0.17868883907794952,2.0,-1,-1,-1
41265,35,749,668,72,54,0.44059595465660095,2.0,-1,-1,-1
41265,36,1014,1006,252,73,0.22435352206230164,2.0,-1,-1,-1
41281,35,758,665,70,51,0.2087053656578064,2.0,-1,-1,-1
41281,36,1015,1006,251,73,0.24758249521255493,2.0,-1,-1,-1
41297,35,766,664,67,49,0.3770771026611328,2.0,-1,-1,-1
41297,36,1016,1006,250,73,0.1956222951412201,2.0,-1,-1,-1
41313,35,770,660,71,52,0.6130379438400269,2.0,-1,-1,-1
41313,36,1015,1006,249,73,0.20339320600032806,2.0,-1,-1,-1
41329,35,773,659,71,52,0.5409378409385681,2.0,-1,-1,-1
41329,36,1012,1006,248,72,0.2259775847196579,2.0,-1,-1,-1
41345,35,775,659,70,51,0.6715178489685059,2.0,-1,-1,-1
41345,36,1010,1006,248,72,0.21890930831432343,2.0,-1,-1,-1
41361,35,779,658,70,51,0.6431356072425842,2.0,-1,-1,-1
41361,36,1010,1007,247,72,0.20985299348831177,2.0,-1,-1,-1
41377,35,781,657,71,51,0.5724802613258362,2.0,-1,-1,-1
41377,36,1012,1006,250,73,0.18424375355243683,2.0,-1,-1,-1
41393,35,783,657,70,51,0.4259074330329895,2.0,-1,-1,-1
41393,36,1013,1005,252,74,0.1821693480014801,2.0,-1,-1,-1
41409,35,786,657,69,50,0.2214723527431488,2.0,-1,-1,-1
41409,36,1015,1006,250,73,0.11588599532842636,2.0,-1,-1,-1
41425,35,791,656,67,49,0.1362227499485016,2.0,-1,-1,-1
41425,36,1015,1006,249,73,0.11750763654708862,2.0,-1,-1,-1
41441,36,1011,1006,249,73,0.33268651366233826,2.0,-1,-1,-1
41457,36,1009,1006,249,73,0.1849820762872696,2.0,-1,-1,-1
41473,36,1014,1007,247,72,0.23500603437423706,2.0,-1,-1,-1
41489,36,1011,1007,247,72,0.2456749975681305,2.0,-1,-1,-1
41505,36,1014,1006,248,73,0.2337494045495987,2.0,-1,-1,-1
41521,36,1016,1007,246,72,0.2312893569469452,2.0,-1,-1,-1
41537,36,1017,1007,245,72,0.18472743034362793,2.0,-1,-1,-1
43841,37,758,639,110,39,0.6602198481559753,2.0,-1,-1,-1
43905,37,659,637,120,43,0.6877264380455017,2.0,-1,-1,-1
44097,38,772,641,101,39,0.6627845168113708,2.0,-1,-1,-1
45217,39,743,639,118,42,0.652918815612793,2.0,-1,-1,-1
45313,39,525,622,94,33,0.5084997415542603,2.0,-1,-1,-1
45409,39,448,626,90,32,0.558235764503479,2.0,-1,-1,-1
45537,40,667,628,91,32,0.6588832139968872,2.0,-1,-1,-1
45777,40,477,619,125,45,0.7214625477790833,2.0,-1,-1,-1
45793,40,567,623,139,50,0.6728747487068176,2.0,-1,-1,-1
45857,40,453,624,111,40,0.6683716177940369,2.0,-1,-1,-1
46113,40,713,634,91,33,0.6210440993309021,2.0,-1,-1,-1
48769,41,551,631,80,35,0.6119734048843384,2.0,-1,-1,-1
48785,41,730,638,93,41,0.6654385924339294,2.0,-1,-1,-1
48881,41,770,636,72,31,0.531383216381073,2.0,-1,-1,-1
50241,42,745,643,100,39,0.6159921884536743,2.0,-1,-1,-1
57073,43,788,641,78,27,0.6250222325325012,2.0,-1,-1,-1
61665,44,421,624,69,34,0.6482967734336853,2.0,-1,-1,-1
61681,44,477,629,73,37,0.5575646162033081,2.0,-1,-1,-1
61697,44,535,633,70,35,0.5985864996910095,2.0,-1,-1,-1
61713,44,596,636,72,36,0.5388351082801819,2.0,-1,-1,-1
61729,44,648,640,81,40,0.5480960011482239,2.0,-1,-1,-1
61745,44,689,643,90,45,0.6919592022895813,2.0,-1,-1,-1
61761,44,722,647,94,47,0.3348434269428253,2.0,-1,-1,-1
61777,44,747,642,116,59,0.37427014112472534,2.0,-1,-1,-1
61809,44,757,659,116,61,0.13917595148086548,7.0,-1,-1,-1
61841,44,727,685,127,69,0.5447644591331482,2.0,-1,-1,-1
61857,44,697,695,136,76,0.6578440070152283,2.0,-1,-1,-1
61873,44,669,705,149,87,0.5010089874267578,2.0,-1,-1,-1
61889,44,653,716,159,97,0.5006279945373535,7.0,-1,-1,-1
61905,44,649,730,177,112,0.2792114019393921,2.0,-1,-1,-1
61921,44,658,747,197,129,0.5950438380241394,2.0,-1,-1,-1
61937,44,680,767,219,148,0.6853005290031433,2.0,-1,-1,-1
61953,44,714,788,246,168,0.6275672316551208,2.0,-1,-1,-1
61969,44,763,818,295,202,0.8136122822761536,2.0,-1,-1,-1
61985,44,859,851,314,210,0.8888376355171204,2.0,-1,-1,-1
62001,44,1002,885,308,192,0.8679900169372559,2.0,-1,-1,-1
62017,44,1173,914,285,170,0.6115906834602356,2.0,-1,-1,-1
62033,44,1355,925,273,159,0.5073804259300232,2.0,-1,-1,-1
62977,45,665,645,81,43,0.6503309011459351,2.0,-1,-1,-1
62993,45,684,647,88,47,0.4657023549079895,2.0,-1,-1,-1
63009,45,698,653,89,48,0.6402179598808289,2.0,-1,-1,-1
63025,45,706,659,93,51,0.21822619438171387,2.0,-1,-1,-1
63057,45,707,671,101,56,0.1758410930633545,7.0,-1,-1,-1
63089,45,706,682,112,64,0.12347632646560669,7.0,-1,-1,-1
63105,45,710,691,117,69,0.1035773828625679,2.0,-1,-1,-1
63121,45,715,700,120,72,0.2745179235935211,2.0,-1,-1,-1
63137,45,720,705,127,79,0.4343511462211609,2.0,-1,-1,-1
63153,45,731,712,128,80,0.11490184813737869,2.0,-1,-1,-1
63169,45,638,669,85,52,0.5452998876571655,2.0,-1,-1,-1
63185,45,748,654,63,36,0.583897054195404,2.0,-1,-1,-1
63281,45,819,639,59,33,0.5875726342201233,2.0,-1,-1,-1
63345,45,801,639,53,28,0.5370857119560242,2.0,-1,-1,-1
64465,46,507,631,72,38,0.6362003684043884,2.0,-1,-1,-1
64481,46,660,638,74,39,0.6803016662597656,2.0,-1,-1,-1
64497,46,838,645,66,34,0.6167072653770447,2.0,-1,-1,-1
67361,47,665,638,106,41,0.6029375195503235,2.0,-1,-1,-1
68401,48,484,614,90,50,0.6304613947868347,2.0,-1,-1,-1
68513,49,725,639,110,41,0.6113030910491943,2.0,-1,-1,-1
68593,49,749,627,106,40,0.13332895934581757,2.0,-1,-1,-1
68737,50,734,644,86,36,0.6632997393608093,2.0,-1,-1,-1
68769,50,469,630,75,31,0.5000367164611816,2.0,-1,-1,-1
68785,50,539,631,85,36,0.5977466106414795,2.0,-1,-1,-1
68801,50,683,636,95,40,0.6748053431510925,2.0,-1,-1,-1
74401,51,746,695,68,63,0.7104611992835999,2.0,-1,-1,-1
74417,51,745,687,65,60,0.2600347697734833,2.0,-1,-1,-1
74673,52,766,660,44,49,0.616948664188385,2.0,-1,-1,-1
74689,52,764,656,43,47,0.5975422859191895,2.0,-1,-1,-1
74737,52,721,645,39,42,0.6240474581718445,2.0,-1,-1,-1
74753,52,674,640,38,39,0.6251862645149231,2.0,-1,-1,-1
74769,52,626,636,35,34,0.3293837010860443,2.0,-1,-1,-1
74785,52,574,632,32,29,0.2723863422870636,2.0,-1,-1,-1
74801,52,514,630,33,28,0.34703123569488525,2.0,-1,-1,-1
74817,52,456,627,31,25,0.20911838114261627,2.0,-1,-1,-1
74865,52,1081,780,133,101,0.7422518730163574,2.0,-1,-1,-1
74881,52,1145,805,163,116,0.7639229893684387,2.0,-1,-1,-1
74897,52,1123,810,183,124,0.7203236818313599,2.0,-1,-1,-1
74913,52,1066,806,188,123,0.7373279333114624,2.0,-1,-1,-1
74929,52,993,797,186,118,0.7987297177314758,2.0,-1,-1,-1
75841,53,857,873,211,149,0.669836163520813,7.0,-1,-1,-1
75857,53,819,872,211,149,0.7176556587219238,7.0,-1,-1,-1
75873,53,766,866,215,153,0.40406689047813416,7.0,-1,-1,-1
77025,54,710,638,123,43,0.6058760285377502,2.0,-1,-1,-1
77489,55,435,624,98,36,0.6215952038764954,2.0,-1,-1,-1
77505,55,477,628,104,38,0.4462399482727051,2.0,-1,-1,-1
77521,55,523,630,106,38,0.39688554406166077,2.0,-1,-1,-1
77537,55,565,635,119,43,0.6182314157485962,2.0,-1,-1,-1
77553,55,605,637,122,45,0.3660701811313629,2.0,-1,-1,-1
77569,55,637,639,121,45,0.5087080597877502,2.0,-1,-1,-1
77585,55,654,642,129,48,0.43051788210868835,2.0,-1,-1,-1
77601,55,669,646,131,51,0.5806760191917419,2.0,-1,-1,-1
77617,55,680,650,132,53,0.6436528563499451,2.0,-1,-1,-1
77633,55,688,655,132,55,0.6779354214668274,2.0,-1,-1,-1
77649,55,689,657,135,59,0.6568225622177124,2.0,-1,-1,-1
77665,55,689,665,132,61,0.1737181693315506,2.0,-1,-1,-1
77681,55,684,669,134,65,0.46920129656791687,2.0,-1,-1,-1
77697,55,682,674,133,67,0.5696176886558533,2.0,-1,-1,-1
77713,55,677,677,137,72,0.3790115416049957,2.0,-1,-1,-1
77729,55,667,674,152,85,0.31836262345314026,2.0,-1,-1,-1
77745,55,665,678,152,89,0.41272082924842834,2.0,-1,-1,-1
77761,55,652,672,172,106,0.1882258951663971,7.0,-1,-1,-1
77777,55,665,689,153,98,0.6150987148284912,2.0,-1,-1,-1
77793,55,656,680,175,119,0.6474526524543762,2.0,-1,-1,-1
77809,55,651,676,191,135,0.34282976388931274,2.0,-1,-1,-1
77825,55,653,677,198,146,0.3811538517475128,7.0,-1,-1,-1
77841,55,679,710,170,129,0.6712656617164612,2.0,-1,-1,-1
77857,55,668,697,200,157,0.1422240436077118,7.0,-1,-1,-1
77873,55,695,725,182,145,0.5007624626159668,7.0,-1,-1,-1
77889,55,717,745,179,143,0.30283161997795105,2.0,-1,-1,-1
77905,55,732,759,188,150,0.4784576892852783,2.0,-1,-1,-1
77921,55,753,773,195,154,0.658596396446228,2.0,-1,-1,-1
77937,55,775,785,212,167,0.5794812440872192,2.0,-1,-1,-1
77953,55,793,794,231,179,0.4665951430797577,2.0,-1,-1,-1
77969,55,819,804,250,189,0.5730795860290527,2.0,-1,-1,-1
77985,55,851,817,274,202,0.45585474371910095,2.0,-1,-1,-1
78001,55,894,830,301,214,0.5318610072135925,7.0,-1,-1,-1
78017,55,954,843,329,224,0.6926939487457275,2.0,-1,-1,-1
78033,55,1040,858,342,219,0.5953914523124695,7.0,-1,-1,-1
78049,55,1142,873,344,206,0.7597091794013977,7.0,-1,-1,-1
78065,55,1238,892,315,178,0.6881946921348572,7.0,-1,-1,-1
78081,55,1012,820,362,197,0.5792200565338135,7.0,-1,-1,-1
78097,55,990,795,417,216,0.7030973434448242,7.0,-1,-1,-1
78113,55,992,794,431,217,0.2546684145927429,7.0,-1,-1,-1
78129,55,1036,799,461,227,0.6672457456588745,7.0,-1,-1,-1
78145,55,1116,832,418,198,0.3558984100818634,7.0,-1,-1,-1
78161,55,1171,846,402,189,0.43177467584609985,7.0,-1,-1,-1
78177,55,1242,874,345,162,0.5606417059898376,7.0,-1,-1,-1
78801,55,820,682,116,52,0.5104536414146423,2.0,-1,-1,-1
79457,55,448,624,83,37,0.682380735874176,2.0,-1,-1,-1
79473,55,551,627,85,37,0.5467256307601929,2.0,-1,-1,-1
79665,56,656,642,94,46,0.7310304641723633,2.0,-1,-1,-1
79681,56,672,645,104,51,0.6447340250015259,2.0,-1,-1,-1
79697,56,686,651,105,52,0.6458673477172852,2.0,-1,-1,-1
79745,56,686,670,121,61,0.6988095641136169,2.0,-1,-1,-1
79761,56,681,682,131,67,0.44560420513153076,2.0,-1,-1,-1
79777,56,675,690,140,74,0.6974040865898132,2.0,-1,-1,-1
79793,56,669,700,146,80,0.4058425724506378,2.0,-1,-1,-1
79809,56,659,710,157,88,0.8175598382949829,2.0,-1,-1,-1
79825,56,657,721,168,98,0.7411112189292908,2.0,-1,-1,-1
79841,56,661,733,182,109,0.5811505913734436,2.0,-1,-1,-1
79857,56,673,747,197,121,0.5977197885513306,7.0,-1,-1,-1
79873,56,693,764,215,133,0.6345161199569702,2.0,-1,-1,-1
79889,56,723,780,240,150,0.7261601686477661,2.0,-1,-1,-1
79905,56,767,798,269,168,0.8779348731040955,2.0,-1,-1,-1
79921,56,826,817,307,189,0.6868282556533813,2.0,-1,-1,-1
79937,56,914,841,335,202,0.8733279705047607,2.0,-1,-1,-1
79953,56,1034,862,355,207,0.8676072955131531,2.0,-1,-1,-1
79969,56,1186,882,334,186,0.5779665112495422,7.0,-1,-1,-1
79985,56,1309,897,298,168,0.4187449514865875,7.0,-1,-1,-1
81121,57,1081,780,318,144,0.7386876344680786,2.0,-1,-1,-1
81137,57,1005,791,350,158,0.800731897354126,2.0,-1,-1,-1
81153,57,930,808,376,170,0.8607637882232666,2.0,-1,-1,-1
81169,57,843,826,428,196,0.78951096534729,2.0,-1,-1,-1
81185,57,771,847,472,219,0.7258860468864441,2.0,-1,-1,-1
81201,57,756,870,451,213,0.49674469232559204,2.0,-1,-1,-1
81217,57,771,894,400,193,0.18323853611946106,7.0,-1,-1,-1
81233,57,798,917,349,171,0.2119133174419403,7.0,-1,-1,-1
81249,57,833,939,297,148,0.4980287551879883,7.0,-1,-1,-1
81265,57,866,955,257,129,0.533629834651947,7.0,-1,-1,-1
81297,57,892,972,221,111,0.37433159351348877,7.0,-1,-1,-1
81313,57,904,978,210,105,0.15121254324913025,7.0,-1,-1,-1
81329,57,907,979,208,103,0.12392012029886246,7.0,-1,-1,-1
81345,57,908,978,208,103,0.1289680153131485,7.0,-1,-1,-1
81361,57,909,977,208,103,0.31540125608444214,7.0,-1,-1,-1
81377,57,907,977,211,104,0.1853446662425995,7.0,-1,-1,-1
81393,57,907,976,213,104,0.22896482050418854,7.0,-1,-1,-1
81409,57,908,976,212,103,0.15924523770809174,7.0,-1,-1,-1
81425,57,907,975,214,105,0.1808590590953827,7.0,-1,-1,-1
81441,57,906,975,215,105,0.22308817505836487,7.0,-1,-1,-1
81489,57,566,743,113,55,0.5503366589546204,2.0,-1,-1,-1
81505,57,562,646,74,36,0.5438850522041321,2.0,-1,-1,-1
81521,57,751,640,74,34,0.7235540747642517,2.0,-1,-1,-1
81617,57,749,637,85,38,0.6860018372535706,2.0,-1,-1,-1
83633,58,757,739,171,78,0.6827628016471863,2.0,-1,-1,-1
83649,58,731,729,176,80,0.8010995388031006,2.0,-1,-1,-1
83665,58,712,723,168,77,0.6415036916732788,2.0,-1,-1,-1
83681,58,696,715,164,76,0.5005249977111816,2.0,-1,-1,-1
83697,58,694,709,147,69,0.5291120409965515,2.0,-1,-1,-1
83713,58,697,701,130,63,0.1854974925518036,7.0,-1,-1,-1
83729,58,701,695,119,60,0.23683084547519684,2.0,-1,-1,-1
83745,58,703,689,114,58,0.1800917237997055,7.0,-1,-1,-1
86241,59,780,633,86,32,0.60178142786026,2.0,-1,-1,-1
86257,59,626,628,80,30,0.5756180286407471,2.0,-1,-1,-1
89681,60,716,640,117,42,0.6965484619140625,2.0,-1,-1,-1
89777,61,560,632,74,34,0.6300751566886902,2.0,-1,-1,-1
89793,61,727,640,83,38,0.5941725969314575,2.0,-1,-1,-1
92305,62,452,624,88,43,0.6066482067108154,2.0,-1,-1,-1
92321,62,507,628,86,42,0.5208824276924133,2.0,-1,-1,-1
92337,62,554,631,97,47,0.6564473509788513,2.0,-1,-1,-1
92353,62,602,635,101,49,0.4159989356994629,2.0,-1,-1,-1
92369,62,647,638,105,51,0.6230286359786987,2.0,-1,-1,-1
92385,62,684,642,109,53,0.3693375289440155,2.0,-1,-1,-1
92401,62,708,645,115,57,0.4005153477191925,2.0,-1,-1,-1
92417,62,725,650,120,61,0.49924683570861816,2.0,-1,-1,-1
92433,62,733,658,123,65,0.16223222017288208,7.0,-1,-1,-1
92449,62,734,665,124,68,0.2844082713127136,7.0,-1,-1,-1
92481,62,883,899,182,99,0.5112857222557068,7.0,-1,-1,-1
92497,62,916,952,194,105,0.6124640703201294,7.0,-1,-1,-1
92513,62,927,975,199,107,0.5797938108444214,7.0,-1,-1,-1
92529,62,929,983,202,108,0.4617502689361572,7.0,-1,-1,-1
92545,62,929,984,204,108,0.521356463432312,7.0,-1,-1,-1
92561,62,928,984,205,108,0.5385831594467163,7.0,-1,-1,-1
92577,62,926,983,206,108,0.4695279002189636,7.0,-1,-1,-1
92593,62,924,982,207,108,0.4392469525337219,7.0,-1,-1,-1
92609,62,923,982,207,107,0.4931640326976776,7.0,-1,-1,-1
92625,62,921,980,208,107,0.468948096036911,7.0,-1,-1,-1
92641,62,920,980,208,107,0.4157510995864868,7.0,-1,-1,-1
92657,62,918,979,208,106,0.32782694697380066,7.0,-1,-1,-1
92673,62,916,978,209,107,0.5142318606376648,7.0,-1,-1,-1
92689,62,915,977,210,107,0.4180225431919098,7.0,-1,-1,-1
92705,62,916,977,210,106,0.14490017294883728,7.0,-1,-1,-1
92721,62,914,976,209,106,0.15998464822769165,7.0,-1,-1,-1
92817,62,915,976,210,105,0.11723574995994568,7.0,-1,-1,-1
92833,62,914,976,209,105,0.2289535254240036,7.0,-1,-1,-1
92849,62,911,975,211,105,0.21314053237438202,7.0,-1,-1,-1
92865,62,911,975,211,105,0.16838929057121277,7.0,-1,-1,-1
92881,62,910,975,211,105,0.1676052063703537,7.0,-1,-1,-1
92897,62,910,975,212,105,0.2646021246910095,7.0,-1,-1,-1
92913,62,909,974,212,105,0.2232394516468048,7.0,-1,-1,-1
92929,62,908,973,215,106,0.28653836250305176,7.0,-1,-1,-1
92945,62,908,973,214,106,0.2502589225769043,7.0,-1,-1,-1
92961,62,907,973,214,105,0.17523974180221558,7.0,-1,-1,-1
92977,62,907,972,216,106,0.24506911635398865,7.0,-1,-1,-1
92993,62,906,972,216,106,0.23866453766822815,7.0,-1,-1,-1
93009,62,906,973,215,106,0.2084702104330063,7.0,-1,-1,-1
93025,62,908,973,213,104,0.23775185644626617,7.0,-1,-1,-1
93041,62,908,973,212,104,0.242428719997406,7.0,-1,-1,-1
93057,62,907,973,215,105,0.20852546393871307,7.0,-1,-1,-1
93073,62,908,973,214,104,0.3385307490825653,7.0,-1,-1,-1
93089,62,908,973,214,104,0.35736995935440063,7.0,-1,-1,-1
93105,62,908,973,215,104,0.3505688011646271,7.0,-1,-1,-1
93121,62,906,973,217,105,0.3805561363697052,7.0,-1,-1,-1
93137,62,905,973,218,105,0.35077378153800964,7.0,-1,-1,-1
93153,62,904,972,218,105,0.33378350734710693,7.0,-1,-1,-1
93169,62,905,972,218,106,0.24889111518859863,7.0,-1,-1,-1
93185,62,904,971,221,107,0.4085184633731842,7.0,-1,-1,-1
93201,62,904,971,221,107,0.3122059404850006,7.0,-1,-1,-1
93217,62,904,971,220,107,0.3670923411846161,7.0,-1,-1,-1
93233,62,904,971,220,107,0.3131239116191864,7.0,-1,-1,-1
93249,62,905,971,218,106,0.2912951707839966,7.0,-1,-1,-1
93265,62,905,972,216,106,0.26113951206207275,7.0,-1,-1,-1
93281,62,905,972,216,106,0.3180992305278778,7.0,-1,-1,-1
93297,62,904,971,217,106,0.2606084644794464,7.0,-1,-1,-1
93313,62,905,972,216,106,0.3815363645553589,7.0,-1,-1,-1
93329,62,906,972,216,105,0.3769689202308655,7.0,-1,-1,-1
93345,62,907,972,215,105,0.28347328305244446,7.0,-1,-1,-1
93361,62,906,972,215,104,0.3066588342189789,7.0,-1,-1,-1
93377,62,906,972,215,104,0.21994146704673767,7.0,-1,-1,-1
93393,62,906,972,216,104,0.28648123145103455,7.0,-1,-1,-1
93409,62,904,971,220,107,0.2776167690753937,7.0,-1,-1,-1
93425,62,905,971,218,105,0.2855011224746704,7.0,-1,-1,-1
93441,62,905,972,217,105,0.28913840651512146,7.0,-1,-1,-1
93457,62,596,743,122,59,0.5023484230041504,2.0,-1,-1,-1
94385,63,902,960,218,117,0.6090937256813049,7.0,-1,-1,-1
94401,63,894,952,232,125,0.6663367748260498,7.0,-1,-1,-1
94417,63,886,944,246,132,0.643880307674408,7.0,-1,-1,-1
94433,63,876,933,268,145,0.5474199056625366,7.0,-1,-1,-1
94449,63,870,925,280,154,0.4414578080177307,7.0,-1,-1,-1
94465,63,872,916,294,162,0.5912195444107056,7.0,-1,-1,-1
94481,63,869,907,303,170,0.510328471660614,7.0,-1,-1,-1
94497,63,861,896,318,181,0.4860115647315979,7.0,-1,-1,-1
94513,63,851,885,332,193,0.18376193940639496,7.0,-1,-1,-1
94529,63,851,873,342,205,0.6104466915130615,2.0,-1,-1,-1
94529,64,765,618,98,47,0.714145839214325,2.0,-1,-1,-1
94545,63,847,860,354,218,0.5953958034515381,2.0,-1,-1,-1
94545,64,793,826,407,198,0.5892301201820374,7.0,-1,-1,-1
94561,63,844,848,359,229,0.7165079116821289,2.0,-1,-1,-1
94561,64,798,863,468,231,0.4993434250354767,7.0,-1,-1,-1
94577,63,841,835,355,233,0.6809669137001038,2.0,-1,-1,-1
94593,63,849,824,329,222,0.63753342628479,2.0,-1,-1,-1
94609,63,855,816,304,208,0.539954423904419,2.0,-1,-1,-1
94625,63,857,807,279,192,0.8148506283760071,2.0,-1,-1,-1
94641,63,852,796,264,183,0.7748844623565674,2.0,-1,-1,-1
94657,63,847,788,250,174,0.6988427042961121,2.0,-1,-1,-1
94673,63,841,785,235,163,0.8562987446784973,2.0,-1,-1,-1
94689,63,833,782,225,156,0.833627462387085,2.0,-1,-1,-1
94705,63,829,780,220,152,0.8474719524383545,2.0,-1,-1,-1
94721,63,827,780,219,151,0.8535934686660767,2.0,-1,-1,-1
94737,63,827,779,218,151,0.8379691243171692,2.0,-1,-1,-1
94753,63,829,780,217,150,0.8230881094932556,2.0,-1,-1,-1
94769,63,839,785,221,152,0.8678504824638367,2.0,-1,-1,-1
94785,63,852,788,236,161,0.8378157019615173,2.0,-1,-1,-1
94801,63,882,796,245,164,0.8704026937484741,2.0,-1,-1,-1
94817,63,929,809,257,166,0.750093400478363,2.0,-1,-1,-1
94833,63,991,824,288,179,0.7802605032920837,2.0,-1,-1,-1
94849,63,1068,839,313,189,0.821807324886322,2.0,-1,-1,-1
94865,63,1176,856,316,182,0.4595009982585907,2.0,-1,-1,-1
94881,63,1266,874,275,159,0.11831852048635483,7.0,-1,-1,-1
94993,63,931,710,130,71,0.5791475176811218,2.0,-1,-1,-1
99393,65,817,768,240,95,0.8049031496047974,2.0,-1,-1,-1
99409,65,718,767,242,95,0.7932952046394348,2.0,-1,-1,-1
99425,65,595,770,242,96,0.8301411867141724,2.0,-1,-1,-1
99441,65,466,771,231,91,0.6509731411933899,2.0,-1,-1,-1
99457,65,377,766,210,84,0.15436828136444092,2.0,-1,-1,-1
99617,65,382,636,102,41,0.5829800963401794,2.0,-1,-1,-1
99649,66,758,639,123,42,0.7153576016426086,2.0,-1,-1,-1
100273,67,656,644,83,38,0.6743297576904297,2.0,-1,-1,-1
100289,67,680,647,91,42,0.6315876245498657,2.0,-1,-1,-1
100337,67,706,656,111,52,0.10143426805734634,2.0,-1,-1,-1
100353,67,715,668,118,57,0.47743210196495056,2.0,-1,-1,-1
100369,67,714,676,124,61,0.46951907873153687,2.0,-1,-1,-1
100385,67,712,687,127,65,0.11390337347984314,7.0,-1,-1,-1
100401,67,710,697,133,70,0.43430009484291077,2.0,-1,-1,-1
100417,67,712,707,144,78,0.5521060824394226,2.0,-1,-1,-1
100433,67,727,718,155,86,0.7792841196060181,2.0,-1,-1,-1
100449,67,759,730,168,95,0.6258182525634766,2.0,-1,-1,-1
100465,67,811,745,177,99,0.6951535940170288,2.0,-1,-1,-1
100481,67,893,765,175,95,0.3084670603275299,7.0,-1,-1,-1
100497,67,989,775,177,93,0.47983571887016296,2.0,-1,-1,-1
100513,67,1085,779,181,92,0.734955370426178,2.0,-1,-1,-1
100529,67,1174,781,178,90,0.6490061283111572,2.0,-1,-1,-1
104401,68,726,658,63,46,0.7234300971031189,2.0,-1,-1,-1
104417,68,732,666,65,47,0.6163710951805115,2.0,-1,-1,-1
104433,68,730,672,71,53,0.688197135925293,2.0,-1,-1,-1
104449,68,728,682,72,53,0.6877799034118652,2.0,-1,-1,-1
104465,68,724,693,79,59,0.7341694235801697,2.0,-1,-1,-1
104481,68,727,705,88,67,0.5237044095993042,2.0,-1,-1,-1
104497,68,734,717,100,77,0.6679944396018982,2.0,-1,-1,-1
104513,68,765,733,113,86,0.7969303131103516,2.0,-1,-1,-1
104529,68,819,751,133,100,0.7226111888885498,2.0,-1,-1,-1
104545,68,903,770,150,108,0.834801971912384,2.0,-1,-1,-1
104593,68,759,678,86,59,0.6332971453666687,2.0,-1,-1,-1
104801,69,1156,844,393,173,0.7356266379356384,7.0,-1,-1,-1
104817,69,1107,843,438,192,0.559046745300293,2.0,-1,-1,-1
104833,69,1081,840,403,176,0.537825882434845,2.0,-1,-1,-1
104849,69,1004,837,413,179,0.5916522741317749,2.0,-1,-1,-1
104865,69,949,833,391,168,0.7299587726593018,2.0,-1,-1,-1
104881,69,890,827,397,170,0.5863267183303833,2.0,-1,-1,-1
104897,69,827,821,421,180,0.6937420964241028,2.0,-1,-1,-1
104913,69,790,816,418,179,0.7447906732559204,2.0,-1,-1,-1
104929,69,771,815,414,177,0.8148515224456787,2.0,-1,-1,-1
104945,69,765,814,415,177,0.8188105225563049,2.0,-1,-1,-1
104961,69,766,814,421,180,0.8274631500244141,2.0,-1,-1,-1
104977,69,791,814,406,172,0.7696163654327393,2.0,-1,-1,-1
104993,69,845,813,397,166,0.7178350687026978,2.0,-1,-1,-1
105009,69,933,811,364,149,0.7653921842575073,7.0,-1,-1,-1
105025,69,993,798,385,158,0.7139701843261719,7.0,-1,-1,-1
105041,69,1052,794,366,153,0.655200719833374,7.0,-1,-1,-1
105057,69,1114,786,331,141,0.22333958745002747,2.0,-1,-1,-1
105073,69,1178,794,272,118,0.31821632385253906,7.0,-1,-1,-1
105569,70,709,647,86,54,0.6508403420448303,2.0,-1,-1,-1
105585,70,722,652,91,58,0.6296663284301758,2.0,-1,-1,-1
105601,70,729,658,97,62,0.34339073300361633,2.0,-1,-1,-1
105617,70,731,667,103,67,0.6501849293708801,2.0,-1,-1,-1
105633,70,729,674,108,71,0.6390313506126404,2.0,-1,-1,-1
105649,70,726,682,114,77,0.6188663840293884,2.0,-1,-1,-1
105665,70,722,692,121,84,0.7837139964103699,2.0,-1,-1,-1
105681,70,718,701,132,94,0.7704381942749023,2.0,-1,-1,-1
105697,70,717,712,141,103,0.8007948398590088,2.0,-1,-1,-1
105713,70,716,723,156,117,0.554581880569458,7.0,-1,-1,-1
105729,70,720,734,171,132,0.6353194713592529,7.0,-1,-1,-1
105745,70,727,748,187,147,0.7413910627365112,7.0,-1,-1,-1
105761,70,738,765,208,167,0.689986526966095,2.0,-1,-1,-1
105761,71,718,646,86,32,0.6046545505523682,2.0,-1,-1,-1
105777,70,750,782,237,194,0.6685829758644104,2.0,-1,-1,-1
105793,70,765,803,273,227,0.5467767119407654,2.0,-1,-1,-1
105793,71,606,798,606,228,0.5329892039299011,7.0,-1,-1,-1
105809,70,802,828,288,238,0.5469026565551758,7.0,-1,-1,-1
105809,71,615,838,683,262,0.31561213731765747,5.0,-1,-1,-1
105825,70,858,859,280,224,0.43182188272476196,2.0,-1,-1,-1
105825,71,678,873,665,260,0.4373282790184021,7.0,-1,-1,-1
105841,70,913,890,262,198,0.5825654864311218,2.0,-1,-1,-1
105857,70,969,923,237,165,0.6477522850036621,2.0,-1,-1,-1
105873,70,1020,954,213,133,0.55925053358078,2.0,-1,-1,-1
105889,70,1052,978,190,106,0.5484576225280762,2.0,-1,-1,-1
105905,70,1074,996,168,84,0.5101016163825989,2.0,-1,-1,-1
105921,70,923,718,85,41,0.5313297510147095,2.0,-1,-1,-1
105953,70,687,653,85,42,0.5940796732902527,2.0,-1,-1,-1
105969,70,645,639,91,48,0.7190117239952087,2.0,-1,-1,-1
105985,70,596,622,129,70,0.5164445042610168,2.0,-1,-1,-1
106017,70,550,642,110,58,0.6834897994995117,2.0,-1,-1,-1
106033,70,528,662,103,53,0.6150641441345215,2.0,-1,-1,-1
106049,70,494,669,98,50,0.6630488038063049,2.0,-1,-1,-1
106065,70,462,672,101,50,0.6876879334449768,2.0,-1,-1,-1
106081,70,439,673,102,50,0.7877563834190369,2.0,-1,-1,-1
106097,70,426,675,102,49,0.8066177368164062,2.0,-1,-1,-1
106113,70,422,676,104,49,0.8020300269126892,2.0,-1,-1,-1
106129,70,422,676,106,50,0.7948053479194641,2.0,-1,-1,-1
106145,70,422,677,107,50,0.7932550311088562,2.0,-1,-1,-1
106161,70,423,677,109,50,0.7891774773597717,2.0,-1,-1,-1
106177,70,424,677,110,50,0.7849483489990234,2.0,-1,-1,-1
106193,70,425,678,111,50,0.7874974012374878,2.0,-1,-1,-1
106209,70,426,679,109,49,0.7466081976890564,2.0,-1,-1,-1
106225,70,426,680,109,48,0.7485169768333435,2.0,-1,-1,-1
106241,70,427,680,110,48,0.7471058368682861,2.0,-1,-1,-1
106257,70,427,680,110,48,0.7463986277580261,2.0,-1,-1,-1
106273,70,428,680,111,48,0.7480764985084534,2.0,-1,-1,-1
106289,70,428,680,112,48,0.7461057305335999,2.0,-1,-1,-1
106305,70,428,680,113,48,0.7485539317131042,2.0,-1,-1,-1
106321,70,429,680,113,48,0.7499480843544006,2.0,-1,-1,-1
106337,70,431,680,114,48,0.7396299839019775,2.0,-1,-1,-1
106353,70,430,679,119,50,0.7301226258277893,2.0,-1,-1,-1
106369,70,429,678,122,51,0.7042779326438904,2.0,-1,-1,-1
106385,70,429,678,123,51,0.6986293196678162,2.0,-1,-1,-1
106401,70,429,678,124,51,0.706016480922699,2.0,-1,-1,-1
106417,70,429,678,124,51,0.7119215130805969,2.0,-1,-1,-1
106433,70,429,678,125,51,0.7272324562072754,2.0,-1,-1,-1
106449,70,429,678,126,51,0.7185106873512268,2.0,-1,-1,-1
106465,70,430,678,127,51,0.6523078083992004,2.0,-1,-1,-1
106481,70,430,677,130,52,0.7499838471412659,2.0,-1,-1,-1
106497,70,428,676,132,53,0.7124397158622742,2.0,-1,-1,-1
106513,70,429,678,128,52,0.7290364503860474,2.0,-1,-1,-1
106529,70,429,679,126,51,0.7158069610595703,2.0,-1,-1,-1
106545,70,428,679,126,51,0.7343215942382812,2.0,-1,-1,-1
106561,70,428,679,126,51,0.6559778451919556,2.0,-1,-1,-1
106577,70,429,680,124,50,0.6894093155860901,2.0,-1,-1,-1
106577,72,678,638,94,39,0.6727868318557739,2.0,-1,-1,-1
106593,70,430,680,122,49,0.7483856678009033,2.0,-1,-1,-1
106593,72,534,626,79,33,0.5430159568786621,2.0,-1,-1,-1
106609,70,429,680,124,50,0.7468224763870239,2.0,-1,-1,-1
106625,70,429,679,125,50,0.7289514541625977,2.0,-1,-1,-1
106641,70,429,679,126,51,0.6915050745010376,2.0,-1,-1,-1
106657,70,428,678,127,52,0.7950511574745178,2.0,-1,-1,-1
106673,70,428,678,128,52,0.7525418400764465,2.0,-1,-1,-1
106689,70,428,677,129,52,0.7492216229438782,2.0,-1,-1,-1
106705,70,427,676,131,53,0.7446010112762451,2.0,-1,-1,-1
106721,70,426,676,131,54,0.7272091507911682,2.0,-1,-1,-1
106737,70,426,676,131,54,0.7640539407730103,2.0,-1,-1,-1
106753,70,427,677,130,53,0.7729234099388123,2.0,-1,-1,-1
106769,70,427,676,130,54,0.7479114532470703,2.0,-1,-1,-1
106785,70,428,676,131,54,0.6048345565795898,2.0,-1,-1,-1
106801,70,428,675,134,55,0.630229651927948,2.0,-1,-1,-1
106817,70,428,675,134,55,0.711287796497345,2.0,-1,-1,-1
106833,70,428,674,135,56,0.665719211101532,2.0,-1,-1,-1
106849,70,429,675,134,55,0.6306789517402649,2.0,-1,-1,-1
106865,70,430,676,132,54,0.7022511959075928,2.0,-1,-1,-1
106881,70,429,676,133,54,0.7100547552108765,2.0,-1,-1,-1
106897,70,429,676,132,54,0.727969229221344,2.0,-1,-1,-1
106913,70,428,676,133,55,0.6988361477851868,2.0,-1,-1,-1
106929,70,427,675,133,55,0.699036180973053,2.0,-1,-1,-1
106945,70,427,675,134,55,0.7100840210914612,2.0,-1,-1,-1
106961,70,427,676,132,55,0.7399248480796814,2.0,-1,-1,-1
106977,70,428,676,131,54,0.7393551468849182,2.0,-1,-1,-1
106993,70,428,676,131,54,0.7338947653770447,2.0,-1,-1,-1
107009,70,429,676,130,54,0.7586719989776611,2.0,-1,-1,-1
107025,70,429,677,128,53,0.7526194453239441,2.0,-1,-1,-1
107041,70,430,677,128,53,0.7285991311073303,2.0,-1,-1,-1
107041,73,723,643,89,36,0.6351932883262634,2.0,-1,-1,-1
107057,70,430,677,129,53,0.7261984944343567,2.0,-1,-1,-1
107073,70,428,676,131,54,0.7312188744544983,2.0,-1,-1,-1
107073,73,1054,978,174,68,0.5267802476882935,2.0,-1,-1,-1
107089,70,428,676,131,54,0.7228503823280334,2.0,-1,-1,-1
107089,73,1104,1031,191,73,0.5044251680374146,2.0,-1,-1,-1
107105,70,428,676,131,54,0.7062161564826965,2.0,-1,-1,-1
107105,73,1116,1045,200,74,0.600534975528717,2.0,-1,-1,-1
107121,70,429,676,129,53,0.6974113583564758,2.0,-1,-1,-1
107121,73,1113,1045,204,73,0.6059243083000183,2.0,-1,-1,-1
107137,70,429,676,129,53,0.6943989992141724,2.0,-1,-1,-1
107137,73,1105,1041,211,74,0.5607824325561523,2.0,-1,-1,-1
107153,70,429,676,129,53,0.7007484436035156,2.0,-1,-1,-1
107153,73,1098,1036,217,73,0.5902554988861084,2.0,-1,-1,-1
107169,70,429,676,129,53,0.7024766206741333,2.0,-1,-1,-1
107169,73,1090,1033,222,73,0.5470585823059082,2.0,-1,-1,-1
107185,70,429,676,129,54,0.7027791738510132,2.0,-1,-1,-1
107185,73,1083,1029,228,72,0.601369321346283,2.0,-1,-1,-1
107201,70,428,675,130,54,0.7096758484840393,2.0,-1,-1,-1
107201,73,1077,1026,234,72,0.6155081391334534,2.0,-1,-1,-1
107217,70,428,675,130,54,0.7112753987312317,2.0,-1,-1,-1
107217,73,1071,1023,239,72,0.5563506484031677,2.0,-1,-1,-1
107233,70,429,675,129,54,0.7193551063537598,2.0,-1,-1,-1
107233,73,1066,1021,245,72,0.5672714114189148,2.0,-1,-1,-1
107249,70,429,675,131,55,0.6909663081169128,2.0,-1,-1,-1
107249,73,1060,1019,251,72,0.49250873923301697,2.0,-1,-1,-1
107265,70,429,675,132,55,0.7134737372398376,2.0,-1,-1,-1
107265,73,1056,1017,256,72,0.4828951358795166,2.0,-1,-1,-1
107281,70,429,674,133,56,0.7231281399726868,2.0,-1,-1,-1
107281,73,1052,1016,261,72,0.5244367718696594,2.0,-1,-1,-1
107297,70,429,674,133,56,0.718373715877533,2.0,-1,-1,-1
107297,73,1048,1014,265,72,0.493218332529068,2.0,-1,-1,-1
107313,70,430,675,133,55,0.7083253264427185,2.0,-1,-1,-1
107313,73,1046,1013,268,72,0.5087314248085022,2.0,-1,-1,-1
107329,70,430,675,132,55,0.6883552670478821,2.0,-1,-1,-1
107329,73,1043,1012,271,72,0.42316025495529175,2.0,-1,-1,-1
107345,70,430,675,131,55,0.6990159153938293,2.0,-1,-1,-1
107345,73,1040,1011,276,72,0.4428882300853729,2.0,-1,-1,-1
107361,70,430,675,132,55,0.6799312829971313,2.0,-1,-1,-1
107361,73,1038,1011,278,72,0.4966450333595276,2.0,-1,-1,-1
107377,70,430,675,132,55,0.6877760291099548,2.0,-1,-1,-1
107377,73,1036,1010,279,71,0.5250900983810425,2.0,-1,-1,-1
107393,70,430,676,130,54,0.7143591642379761,2.0,-1,-1,-1
107393,73,1034,1010,282,71,0.5121998190879822,2.0,-1,-1,-1
107409,70,428,674,134,55,0.7555649876594543,2.0,-1,-1,-1
107409,73,1033,1009,283,71,0.5246922373771667,2.0,-1,-1,-1
107425,70,427,674,134,56,0.7627826929092407,2.0,-1,-1,-1
107425,73,1031,1008,287,72,0.4967522621154785,2.0,-1,-1,-1
107441,70,427,674,134,56,0.7517991065979004,2.0,-1,-1,-1
107441,73,1032,1009,284,70,0.5774199366569519,2.0,-1,-1,-1
107457,70,426,673,134,56,0.809669554233551,2.0,-1,-1,-1
107457,73,1031,1008,286,70,0.5999297499656677,2.0,-1,-1,-1
107457,74,447,626,78,33,0.6008527278900146,2.0,-1,-1,-1
107473,70,427,674,132,55,0.7482002973556519,2.0,-1,-1,-1
107473,73,1028,1007,290,71,0.5259295105934143,2.0,-1,-1,-1
107473,74,603,632,91,39,0.6251058578491211,2.0,-1,-1,-1
107489,70,426,674,131,55,0.7618608474731445,2.0,-1,-1,-1
107489,73,1027,1007,291,71,0.5213238596916199,2.0,-1,-1,-1
107505,70,426,674,131,55,0.7665249705314636,2.0,-1,-1,-1
107505,73,1028,1007,289,70,0.5612329244613647,2.0,-1,-1,-1
107521,70,426,674,131,55,0.7639381289482117,2.0,-1,-1,-1
107521,73,1027,1007,292,70,0.5364269614219666,2.0,-1,-1,-1
107537,70,427,674,130,55,0.7670375108718872,2.0,-1,-1,-1
107537,73,1026,1007,292,70,0.5468804240226746,2.0,-1,-1,-1
107553,70,428,676,126,54,0.7517673969268799,2.0,-1,-1,-1
107553,73,1025,1006,295,71,0.5262417197227478,2.0,-1,-1,-1
107569,70,430,678,123,52,0.7605562210083008,2.0,-1,-1,-1
107569,73,1023,1005,301,72,0.504289984703064,2.0,-1,-1,-1
107585,70,430,678,122,52,0.7622581720352173,2.0,-1,-1,-1
107585,73,1024,1005,302,72,0.5352763533592224,2.0,-1,-1,-1
107601,70,430,679,122,51,0.754905104637146,2.0,-1,-1,-1
107601,73,1022,1005,301,71,0.5396881103515625,2.0,-1,-1,-1
107601,75,894,638,88,32,0.6056362390518188,2.0,-1,-1,-1
107617,70,430,679,122,51,0.7442688345909119,2.0,-1,-1,-1
107617,73,1023,1005,302,71,0.5094578862190247,2.0,-1,-1,-1
107617,75,723,635,76,27,0.5275200009346008,2.0,-1,-1,-1
107633,70,431,679,121,51,0.7861670851707458,2.0,-1,-1,-1
107633,73,1022,1005,305,72,0.537941575050354,2.0,-1,-1,-1
107633,75,526,628,81,29,0.5623147487640381,2.0,-1,-1,-1
107649,70,430,679,122,51,0.757213830947876,2.0,-1,-1,-1
107649,73,1022,1005,305,72,0.533319354057312,2.0,-1,-1,-1
107665,70,430,679,122,51,0.7468070983886719,2.0,-1,-1,-1
107665,73,1020,1005,308,73,0.4633885622024536,2.0,-1,-1,-1
107681,70,430,679,122,51,0.7424802780151367,2.0,-1,-1,-1
107681,73,1020,1005,306,72,0.5313347578048706,2.0,-1,-1,-1
107697,70,430,679,123,51,0.7420955300331116,2.0,-1,-1,-1
107697,73,1019,1004,309,73,0.4557935297489166,2.0,-1,-1,-1
107713,70,429,678,125,52,0.7621686458587646,2.0,-1,-1,-1
107713,73,1020,1005,305,72,0.4315619468688965,2.0,-1,-1,-1
107729,70,428,677,126,52,0.7733524441719055,2.0,-1,-1,-1
107729,73,1019,1005,306,72,0.41936439275741577,2.0,-1,-1,-1
107745,70,428,677,126,53,0.7618367671966553,2.0,-1,-1,-1
107745,73,1019,1005,305,72,0.5029110908508301,2.0,-1,-1,-1
107761,70,428,677,126,52,0.7574771046638489,2.0,-1,-1,-1
107761,73,1019,1005,308,73,0.385082870721817,2.0,-1,-1,-1
107777,70,428,677,126,53,0.7403419613838196,2.0,-1,-1,-1
107777,73,1018,1005,307,72,0.5275464057922363,2.0,-1,-1,-1
107793,70,428,677,126,53,0.7354362607002258,2.0,-1,-1,-1
107793,73,1019,1005,306,72,0.4815007448196411,2.0,-1,-1,-1
107809,70,428,677,126,53,0.7396274209022522,2.0,-1,-1,-1
107809,73,1020,1005,304,72,0.5030989050865173,2.0,-1,-1,-1
107825,70,428,677,126,53,0.7151255011558533,2.0,-1,-1,-1
107825,73,1020,1005,303,72,0.46727195382118225,2.0,-1,-1,-1
107841,70,428,677,126,53,0.7071276903152466,2.0,-1,-1,-1
107841,73,1021,1006,301,71,0.47129520773887634,2.0,-1,-1,-1
107857,70,428,677,126,53,0.7415804266929626,2.0,-1,-1,-1
107857,73,1020,1006,302,71,0.5627805590629578,2.0,-1,-1,-1
107873,70,429,678,123,51,0.7915984392166138,2.0,-1,-1,-1
107873,73,1019,1005,304,72,0.5385616421699524,2.0,-1,-1,-1
107889,70,428,677,125,52,0.7749909162521362,2.0,-1,-1,-1
107889,73,768,762,211,51,0.6192824244499207,2.0,-1,-1,-1
107905,70,428,677,126,52,0.7928478121757507,2.0,-1,-1,-1
107905,73,954,939,272,66,0.5330532789230347,2.0,-1,-1,-1
107921,70,428,678,124,52,0.7888835072517395,2.0,-1,-1,-1
107921,73,998,981,288,70,0.5576097965240479,2.0,-1,-1,-1
107937,70,429,678,124,51,0.7889794707298279,2.0,-1,-1,-1
107937,73,1017,999,295,71,0.5289573669433594,2.0,-1,-1,-1
107953,70,429,678,125,52,0.7849836349487305,2.0,-1,-1,-1
107953,73,1024,1006,297,72,0.509126603603363,2.0,-1,-1,-1
107969,70,429,678,125,51,0.7804709076881409,2.0,-1,-1,-1
107969,73,1029,1009,293,70,0.610297441482544,2.0,-1,-1,-1
107985,70,430,678,124,51,0.782379150390625,2.0,-1,-1,-1
107985,73,1028,1010,297,71,0.5481869578361511,2.0,-1,-1,-1
108001,70,430,679,124,51,0.7007626295089722,2.0,-1,-1,-1
108001,73,1027,1010,298,71,0.44958871603012085,2.0,-1,-1,-1
108017,70,430,679,124,51,0.7011566758155823,2.0,-1,-1,-1
108017,73,1026,1009,299,71,0.44788432121276855,2.0,-1,-1,-1
108033,70,430,679,125,51,0.6919563412666321,2.0,-1,-1,-1
108033,73,1027,1009,297,71,0.49177098274230957,2.0,-1,-1,-1
108049,70,430,679,124,51,0.671640932559967,2.0,-1,-1,-1
108049,73,1027,1009,295,70,0.5129908919334412,2.0,-1,-1,-1
108065,70,430,679,123,50,0.6930415630340576,2.0,-1,-1,-1
108065,73,1025,1009,297,70,0.4729573428630829,2.0,-1,-1,-1
108081,70,429,680,121,50,0.6767188310623169,2.0,-1,-1,-1
108081,73,1025,1008,298,70,0.5022966861724854,2.0,-1,-1,-1
108097,70,430,679,124,51,0.6840303540229797,2.0,-1,-1,-1
108097,73,1024,1008,299,71,0.5152304172515869,2.0,-1,-1,-1
108113,70,429,679,124,51,0.7067486643791199,2.0,-1,-1,-1
108113,73,1022,1007,303,71,0.42727720737457275,2.0,-1,-1,-1
108129,70,430,679,125,51,0.7142768502235413,2.0,-1,-1,-1
108129,73,1021,1007,304,72,0.47193974256515503,2.0,-1,-1,-1
108145,70,429,678,126,52,0.7204086184501648,2.0,-1,-1,-1
108145,73,1021,1007,304,72,0.44818899035453796,2.0,-1,-1,-1
108161,70,428,679,125,51,0.8019421696662903,2.0,-1,-1,-1
108161,73,1023,1007,300,71,0.5289402008056641,2.0,-1,-1,-1
108177,70,428,680,123,50,0.7784894704818726,2.0,-1,-1,-1
108177,73,1023,1007,299,70,0.4934350550174713,2.0,-1,-1,-1
108193,70,429,680,122,50,0.8076837062835693,2.0,-1,-1,-1
108193,73,1023,1007,300,70,0.4761245548725128,2.0,-1,-1,-1
108209,70,429,681,121,49,0.8096811771392822,2.0,-1,-1,-1
108209,73,1022,1007,301,70,0.45887839794158936,2.0,-1,-1,-1
108225,70,430,681,121,49,0.806486189365387,2.0,-1,-1,-1
108225,73,1022,1007,301,70,0.5164585709571838,2.0,-1,-1,-1
108241,70,430,681,122,49,0.8039478659629822,2.0,-1,-1,-1
108241,73,1023,1007,300,70,0.5177304148674011,2.0,-1,-1,-1
108257,70,429,681,122,49,0.8176064491271973,2.0,-1,-1,-1
108257,73,1022,1007,300,70,0.48414140939712524,2.0,-1,-1,-1
108273,70,429,681,122,49,0.8095474243164062,2.0,-1,-1,-1
108273,73,1023,1007,299,70,0.5245167016983032,2.0,-1,-1,-1
108289,70,429,681,123,49,0.819724440574646,2.0,-1,-1,-1
108289,73,1022,1007,299,69,0.5304885506629944,2.0,-1,-1,-1
108305,70,428,681,122,49,0.7257532477378845,2.0,-1,-1,-1
108305,73,1022,1007,300,69,0.5178854465484619,2.0,-1,-1,-1
108321,70,428,681,121,49,0.732617974281311,2.0,-1,-1,-1
108321,73,1020,1007,303,70,0.5377910733222961,2.0,-1,-1,-1
108337,70,428,681,121,49,0.7261579036712646,2.0,-1,-1,-1
108337,73,1019,1006,305,71,0.5355387330055237,2.0,-1,-1,-1
108353,70,428,681,121,49,0.7236230969429016,2.0,-1,-1,-1
108353,73,1019,1006,307,71,0.50368732213974,2.0,-1,-1,-1
108369,70,428,680,121,49,0.6959203481674194,2.0,-1,-1,-1
108369,73,1018,1006,307,71,0.49119946360588074,2.0,-1,-1,-1
108385,70,427,680,122,49,0.6965359449386597,2.0,-1,-1,-1
108385,73,1018,1006,307,71,0.5008211135864258,2.0,-1,-1,-1
108401,70,427,680,122,50,0.6979718804359436,2.0,-1,-1,-1
108401,73,1019,1006,306,71,0.5160117149353027,2.0,-1,-1,-1
108417,70,427,680,122,50,0.6976580023765564,2.0,-1,-1,-1
108417,73,1019,1006,305,71,0.5263851284980774,2.0,-1,-1,-1
108433,70,426,680,122,50,0.7107422351837158,2.0,-1,-1,-1
108433,73,1019,1006,306,71,0.504693329334259,2.0,-1,-1,-1
108449,70,423,681,119,49,0.7573385834693909,2.0,-1,-1,-1
108449,73,1019,1006,306,71,0.5658301711082458,2.0,-1,-1,-1
108465,70,416,682,118,48,0.719639003276825,2.0,-1,-1,-1
108465,73,1019,1006,305,71,0.5733228921890259,2.0,-1,-1,-1
108481,70,402,681,120,49,0.693173885345459,2.0,-1,-1,-1
108481,73,1018,1006,306,71,0.42143648862838745,2.0,-1,-1,-1
108497,70,384,682,119,49,0.5006439685821533,2.0,-1,-1,-1
108497,73,1019,1006,305,71,0.5414561629295349,2.0,-1,-1,-1
108513,70,369,683,116,48,0.5449506044387817,2.0,-1,-1,-1
108513,73,1019,1006,306,71,0.5504400134086609,2.0,-1,-1,-1
108529,70,355,683,116,50,0.40836843848228455,2.0,-1,-1,-1
108529,73,1019,1005,306,71,0.56293123960495,2.0,-1,-1,-1
108545,73,1019,1006,305,71,0.5383310317993164,2.0,-1,-1,-1
108561,73,1020,1006,303,70,0.48871707916259766,2.0,-1,-1,-1
108577,73,1020,1006,304,71,0.52079838514328,2.0,-1,-1,-1
108593,73,1019,1005,307,71,0.47454532980918884,2.0,-1,-1,-1
108609,73,1019,1005,307,71,0.3240068554878235,2.0,-1,-1,-1
108625,73,1019,1005,307,71,0.47817516326904297,2.0,-1,-1,-1
108641,73,1019,1005,306,71,0.4551945924758911,2.0,-1,-1,-1
108657,73,1018,1005,307,71,0.44621822237968445,2.0,-1,-1,-1
108673,73,1020,1005,305,71,0.45529934763908386,2.0,-1,-1,-1
108689,73,1020,1006,303,70,0.4527757465839386,2.0,-1,-1,-1
108705,73,1020,1006,303,70,0.4333038926124573,2.0,-1,-1,-1
108721,73,1020,1006,304,70,0.36141449213027954,2.0,-1,-1,-1
108737,73,1020,1006,304,70,0.4336947500705719,2.0,-1,-1,-1
108753,73,751,756,177,42,0.5044738054275513,2.0,-1,-1,-1
108897,76,697,666,180,120,0.700249433517456,7.0,-1,-1,-1
108913,76,678,661,172,115,0.6760886311531067,7.0,-1,-1,-1
108929,76,667,657,156,105,0.5250475406646729,7.0,-1,-1,-1
108945,76,661,649,148,102,0.12521405518054962,7.0,-1,-1,-1
109505,77,1018,1005,307,70,0.6308621168136597,2.0,-1,-1,-1
109521,77,1017,1004,311,71,0.610375702381134,2.0,-1,-1,-1
109537,77,1016,1004,309,70,0.6857877373695374,2.0,-1,-1,-1
109553,77,610,707,297,69,0.5263099670410156,2.0,-1,-1,-1
109569,77,498,614,292,70,0.18757757544517517,7.0,-1,-1,-1
109793,78,671,651,140,132,0.6633821725845337,7.0,-1,-1,-1
109809,78,690,657,145,136,0.6966456174850464,7.0,-1,-1,-1
109825,78,708,657,154,143,0.7042995691299438,7.0,-1,-1,-1
109841,78,743,665,159,145,0.33710145950317383,7.0,-1,-1,-1
