# test_video_num_list = [100, 150, 200, 250, 300]
# test_video_num_list = [109, 118, 125, 127, 136, 145,
#                        159, 168, 175, 177, 186, 195,
#                        209, 218, 225, 227, 236, 245,
#                        259, 268, 275, 277, 286, 295,
#                        309, 318, 325, 327, 336, 345] # [300] # [50, 100, 150, 200, 250, 300, 350, 400]
# video_gap = 50
# define_video_list = {100: [1, 2, 12, 14, 21, 23, 25, 27, 39, 41, 44, 48, 54, 55, 58, 60, 64, 71, 74, 77, 78, 80, 90, 91, 98, 100, 102, 103, 113, 120, 123, 130, 139, 140, 142, 145, 147, 154, 155, 157, 158, 161, 171, 174, 176, 179, 180, 186, 194, 197, 202, 205, 209, 212, 215, 227, 228, 230, 232, 236, 241, 242, 250, 252, 253, 260, 269, 275, 277, 280, 283, 285, 288, 291, 299, 300, 307, 308, 315, 316, 320, 332, 334, 336, 338, 341, 343, 348, 351, 355, 357, 363, 366, 367, 369, 372, 380, 389, 390, 394], 
#                      150: [1, 2, 7, 9, 11, 12, 14, 15, 19, 21, 23, 25, 27, 39, 41, 44, 45, 48, 54, 55, 58, 60, 61, 62, 64, 65, 67, 69, 71, 74, 76, 77, 78, 79, 80, 90, 91, 98, 100, 102, 103, 104, 113, 120, 123, 126, 130, 133, 135, 139, 140, 141, 142, 145, 147, 148, 153, 154, 155, 157, 158, 161, 162, 163, 166, 171, 174, 176, 178, 179, 180, 186, 191, 194, 197, 200, 202, 205, 207, 209, 212, 215, 219, 227, 228, 230, 231, 232, 236, 240, 241, 242, 244, 249, 250, 252, 253, 259, 260, 269, 272, 275, 277, 278, 280, 281, 283, 285, 288, 290, 291, 297, 299, 300, 304, 307, 308, 310, 311, 315, 316, 320, 328, 332, 334, 335, 336, 338, 341, 343, 347, 348, 351, 355, 357, 360, 361, 363, 366, 367, 369, 372, 378, 380, 383, 389, 390, 394, 397, 399],
#                      200: [0, 1, 2, 7, 8, 9, 10, 11, 12, 14, 15, 19, 21, 22, 23, 25, 27, 30, 33, 36, 39, 41, 44, 45, 48, 54, 55, 57, 58, 60, 61, 62, 64, 65, 66, 67, 69, 71, 74, 75, 76, 77, 78, 79, 80, 81, 84, 90, 91, 94, 95, 98, 100, 102, 103, 104, 109, 113, 120, 123, 126, 127, 130, 133, 135, 136, 137, 139, 140, 141, 142, 143, 145, 146, 147, 148, 150, 153, 154, 155, 157, 158, 161, 162, 163, 164, 166, 171, 174, 175, 176, 178, 179, 180, 186, 188, 191, 193, 194, 197, 199, 200, 202, 203, 205, 206, 207, 209, 212, 215, 219, 222, 227, 228, 230, 231, 232, 233, 236, 240, 241, 242, 244, 247, 248, 249, 250, 251, 252, 253, 254, 259, 260, 261, 262, 264, 269, 272, 275, 277, 278, 280, 281, 283, 285, 288, 290, 291, 292, 297, 299, 300, 304, 307, 308, 309, 310, 311, 315, 316, 320, 325, 326, 328, 330, 332, 333, 334, 335, 336, 338, 341, 342, 343, 347, 348, 350, 351, 355, 357, 360, 361, 362, 363, 366, 367, 369, 370, 372, 378, 380, 381, 383, 389, 390, 393, 394, 397, 398, 399],
#                      250: [0, 1, 2, 5, 7, 8, 9, 10, 11, 12, 14, 15, 17, 19, 20, 21, 22, 23, 25, 27, 30, 33, 35, 36, 39, 41, 43, 44, 45, 47, 48, 49, 54, 55, 56, 57, 58, 59, 60, 61, 62, 63, 64, 65, 66, 67, 68, 69, 71, 73, 74, 75, 76, 77, 78, 79, 80, 81, 84, 87, 90, 91, 92, 94, 95, 98, 100, 102, 103, 104, 108, 109, 110, 112, 113, 117, 120, 123, 125, 126, 127, 130, 133, 134, 135, 136, 137, 139, 140, 141, 142, 143, 145, 146, 147, 148, 150, 153, 154, 155, 157, 158, 161, 162, 163, 164, 165, 166, 168, 171, 174, 175, 176, 178, 179, 180, 183, 185, 186, 188, 191, 193, 194, 195, 196, 197, 199, 200, 202, 203, 204, 205, 206, 207, 209, 212, 215, 217, 218, 219, 220, 222, 224, 227, 228, 230, 231, 232, 233, 236, 239, 240, 241, 242, 244, 247, 248, 249, 250, 251, 252, 253, 254, 259, 260, 261, 262, 264, 265, 269, 270, 271, 272, 275, 277, 278, 280, 281, 283, 284, 285, 288, 290, 291, 292, 293, 297, 298, 299, 300, 302, 304, 307, 308, 309, 310, 311, 312, 315, 316, 318, 319, 320, 322, 325, 326, 328, 330, 332, 333, 334, 335, 336, 338, 341, 342, 343, 346, 347, 348, 350, 351, 354, 355, 356, 357, 359, 360, 361, 362, 363, 366, 367, 369, 370, 372, 373, 378, 380, 381, 382, 383, 389, 390, 393, 394, 395, 397, 398, 399],
#                      300: [0, 1, 2, 4, 5, 6, 7, 8, 9, 10, 11, 12, 14, 15, 17, 18, 19, 20, 21, 22, 23, 25, 26, 27, 29, 30, 33, 34, 35, 36, 39, 41, 43, 44, 45, 46, 47, 48, 49, 53, 54, 55, 56, 57, 58, 59, 60, 61, 62, 63, 64, 65, 66, 67, 68, 69, 70, 71, 72, 73, 74, 75, 76, 77, 78, 79, 80, 81, 82, 83, 84, 87, 90, 91, 92, 94, 95, 97, 98, 100, 102, 103, 104, 105, 107, 108, 109, 110, 112, 113, 114, 117, 119, 120, 123, 124, 125, 126, 127, 129, 130, 133, 134, 135, 136, 137, 139, 140, 141, 142, 143, 145, 146, 147, 148, 150, 153, 154, 155, 156, 157, 158, 159, 161, 162, 163, 164, 165, 166, 168, 171, 172, 173, 174, 175, 176, 178, 179, 180, 183, 185, 186, 188, 191, 192, 193, 194, 195, 196, 197, 198, 199, 200, 202, 203, 204, 205, 206, 207, 209, 210, 212, 213, 215, 217, 218, 219, 220, 221, 222, 224, 227, 228, 230, 231, 232, 233, 234, 236, 239, 240, 241, 242, 243, 244, 245, 247, 248, 249, 250, 251, 252, 253, 254, 256, 258, 259, 260, 261, 262, 264, 265, 267, 269, 270, 271, 272, 275, 277, 278, 280, 281, 283, 284, 285, 286, 287, 288, 290, 291, 292, 293, 295, 296, 297, 298, 299, 300, 301, 302, 304, 305, 307, 308, 309, 310, 311, 312, 315, 316, 318, 319, 320, 322, 325, 326, 327, 328, 329, 330, 332, 333, 334, 335, 336, 337, 338, 339, 341, 342, 343, 346, 347, 348, 350, 351, 354, 355, 356, 357, 359, 360, 361, 362, 363, 365, 366, 367, 368, 369, 370, 372, 373, 378, 380, 381, 382, 383, 385, 387, 388, 389, 390, 393, 394, 395, 396, 397, 398, 399]}
# define_video_list = {
#                     #  400: [0, 1, 2, 3, 4, 5, 6, 7, 8, 9, 10, 11, 12, 13, 14, 15, 16, 17, 18, 19, 20, 21, 22, 23, 24, 25, 26, 27, 28, 29, 30, 31, 32, 33, 34, 35, 36, 37, 38, 39, 40, 41, 42, 43, 44, 45, 46, 47, 48, 49, 50, 51, 52, 53, 54, 55, 56, 57, 58, 59, 60, 61, 62, 63, 64, 65, 66, 67, 68, 69, 70, 71, 72, 73, 74, 75, 76, 77, 78, 79, 80, 81, 82, 83, 84, 85, 86, 87, 88, 89, 90, 91, 92, 93, 94, 95, 96, 97, 98, 99, 100, 101, 102, 103, 104, 105, 106, 107, 108, 109, 110, 111, 112, 113, 114, 115, 116, 117, 118, 119, 120, 121, 122, 123, 124, 125, 126, 127, 128, 129, 130, 131, 132, 133, 134, 135, 136, 137, 138, 139, 140, 141, 142, 143, 144, 145, 146, 147, 148, 149, 150, 151, 152, 153, 154, 155, 156, 157, 158, 159, 160, 161, 162, 163, 164, 165, 166, 167, 168, 169, 170, 171, 172, 173, 174, 175, 176, 177, 178, 179, 180, 181, 182, 183, 184, 185, 186, 187, 188, 189, 190, 191, 192, 193, 194, 195, 196, 197, 198, 199, 200, 201, 202, 203, 204, 205, 206, 207, 208, 209, 210, 211, 212, 213, 214, 215, 216, 217, 218, 219, 220, 221, 222, 223, 224, 225, 226, 227, 228, 229, 230, 231, 232, 233, 234, 235, 236, 237, 238, 239, 240, 241, 242, 243, 244, 245, 246, 247, 248, 249, 250, 251, 252, 253, 254, 255, 256, 257, 258, 259, 260, 261, 262, 263, 264, 265, 266, 267, 268, 269, 270, 271, 272, 273, 274, 275, 276, 277, 278, 279, 280, 281, 282, 283, 284, 285, 286, 287, 288, 289, 290, 291, 292, 293, 294, 295, 296, 297, 298, 299, 300, 301, 302, 303, 304, 305, 306, 307, 308, 309, 310, 311, 312, 313, 314, 315, 316, 317, 318, 319, 320, 321, 322, 323, 324, 325, 326, 327, 328, 329, 330, 331, 332, 333, 334, 335, 336, 337, 338, 339, 340, 341, 342, 343, 344, 345, 346, 347, 348, 349, 350, 351, 352, 353, 354, 355, 356, 357, 358, 359, 360, 361, 362, 363, 364, 365, 366, 367, 368, 369, 370, 371, 372, 373, 374, 375, 376, 377, 378, 379, 380, 381, 382, 383, 384, 385, 386, 387, 388, 389, 390, 391, 392, 393, 394, 395, 396, 397, 398, 399],
#                     #  350: [0, 1, 2, 3, 4, 5, 7, 9, 10, 11, 12, 13, 14, 15, 16, 17, 18, 19, 20, 24, 25, 26, 27, 29, 30, 31, 32, 34, 35, 36, 37, 38, 39, 40, 41, 42, 43, 44, 45, 46, 47, 48, 49, 50, 51, 52, 53, 54, 55, 57, 58, 60, 62, 63, 64, 65, 66, 67, 69, 70, 72, 73, 74, 75, 76, 78, 79, 80, 81, 82, 83, 84, 85, 86, 87, 88, 89, 91, 92, 93, 94, 95, 96, 97, 98, 99, 100, 101, 103, 104, 105, 106, 107, 108, 109, 110, 111, 112, 114, 115, 116, 117, 119, 120, 121, 122, 123, 124, 125, 127, 128, 129, 130, 131, 132, 133, 135, 136, 137, 138, 139, 140, 141, 143, 144, 145, 147, 148, 149, 150, 151, 152, 154, 155, 156, 157, 158, 159, 161, 163, 164, 165, 166, 167, 168, 170, 171, 172, 173, 174, 175, 176, 177, 178, 180, 181, 182, 183, 184, 185, 186, 187, 188, 189, 190, 192, 193, 194, 195, 197, 198, 199, 200, 201, 202, 203, 204, 205, 206, 207, 208, 210, 211, 212, 214, 215, 216, 217, 218, 219, 220, 221, 222, 223, 224, 225, 226, 227, 228, 229, 230, 231, 232, 233, 236, 238, 239, 240, 241, 242, 244, 245, 246, 247, 248, 250, 251, 252, 253, 254, 256, 258, 259, 260, 261, 262, 263, 264, 265, 266, 267, 268, 269, 270, 271, 272, 273, 274, 276, 277, 278, 280, 281, 282, 283, 284, 285, 286, 287, 288, 289, 292, 293, 294, 295, 296, 298, 299, 300, 301, 302, 304, 306, 307, 309, 311, 312, 313, 314, 316, 317, 318, 319, 320, 321, 322, 324, 325, 326, 327, 328, 329, 330, 332, 333, 334, 335, 336, 337, 338, 339, 340, 341, 342, 343, 344, 345, 346, 347, 348, 349, 350, 351, 352, 353, 354, 355, 356, 357, 358, 360, 361, 362, 363, 364, 365, 366, 367, 368, 369, 370, 371, 372, 373, 374, 375, 376, 377, 378, 379, 380, 381, 382, 383, 384, 385, 386, 387, 388, 389, 390, 391, 392, 393, 394, 395, 396, 397, 398, 399],
#                      300: [0, 1, 2, 3, 4, 5, 7, 9, 10, 11, 12, 13, 15, 16, 17, 19, 20, 24, 25, 26, 29, 30, 31, 32, 34, 35, 36, 37, 38, 39, 40, 41, 42, 44, 45, 48, 49, 51, 52, 53, 55, 57, 58, 60, 62, 64, 65, 67, 69, 70, 72, 73, 74, 75, 76, 78, 79, 80, 81, 82, 83, 84, 85, 86, 88, 89, 91, 92, 93, 94, 95, 96, 97, 99, 100, 101, 103, 104, 106, 107, 108, 109, 110, 111, 112, 114, 115, 116, 119, 120, 121, 122, 125, 127, 128, 129, 130, 131, 132, 133, 136, 137, 138, 139, 140, 141, 143, 145, 147, 148, 149, 150, 154, 155, 156, 157, 158, 159, 161, 163, 164, 165, 166, 167, 168, 170, 171, 173, 174, 176, 177, 178, 181, 182, 183, 184, 185, 186, 187, 189, 190, 192, 193, 194, 195, 197, 198, 199, 200, 201, 202, 203, 204, 205, 206, 208, 210, 211, 212, 214, 215, 216, 217, 219, 220, 221, 222, 224, 225, 226, 227, 228, 229, 230, 231, 232, 233, 236, 238, 240, 241, 242, 245, 246, 248, 250, 251, 252, 253, 254, 256, 258, 259, 260, 262, 264, 265, 266, 267, 269, 270, 271, 272, 273, 276, 277, 278, 280, 281, 282, 283, 284, 285, 286, 287, 288, 289, 292, 293, 295, 298, 299, 300, 301, 302, 306, 307, 309, 312, 313, 314, 316, 317, 318, 319, 321, 322, 324, 325, 327, 328, 330, 332, 333, 335, 336, 337, 338, 339, 340, 341, 342, 343, 344, 345, 346, 347, 348, 349, 350, 351, 354, 355, 356, 357, 360, 362, 363, 364, 366, 367, 368, 371, 372, 373, 374, 375, 376, 377, 379, 380, 381, 382, 383, 384, 385, 386, 387, 388, 389, 390, 391, 392, 393, 394, 395, 396, 397, 398, 399],
#                     #  250: [0, 1, 2, 4, 5, 7, 9, 10, 11, 12, 13, 17, 19, 20, 24, 25, 26, 29, 30, 31, 32, 34, 36, 37, 38, 39, 40, 44, 45, 48, 49, 52, 53, 55, 57, 58, 60, 62, 64, 69, 70, 74, 75, 76, 78, 79, 80, 81, 82, 83, 84, 85, 86, 89, 91, 92, 93, 94, 95, 96, 97, 99, 101, 103, 104, 106, 107, 109, 110, 111, 112, 114, 115, 116, 120, 121, 122, 128, 129, 130, 131, 133, 136, 137, 138, 139, 140, 141, 143, 145, 147, 148, 149, 150, 154, 155, 156, 159, 161, 163, 164, 165, 168, 170, 171, 174, 176, 177, 178, 181, 182, 183, 184, 185, 186, 187, 189, 190, 192, 193, 195, 197, 198, 199, 200, 201, 202, 203, 204, 205, 206, 208, 210, 211, 214, 217, 219, 220, 221, 222, 224, 225, 226, 227, 228, 229, 231, 232, 233, 236, 240, 241, 242, 245, 248, 251, 252, 253, 256, 258, 259, 264, 265, 266, 267, 269, 270, 271, 272, 273, 276, 278, 280, 281, 282, 283, 284, 285, 286, 287, 288, 289, 292, 293, 298, 299, 300, 301, 302, 306, 309, 313, 314, 316, 317, 318, 319, 321, 322, 324, 325, 328, 332, 333, 335, 336, 337, 339, 340, 341, 343, 344, 345, 346, 347, 348, 349, 350, 351, 354, 355, 357, 360, 362, 363, 364, 368, 371, 375, 376, 377, 379, 380, 381, 382, 383, 384, 386, 387, 388, 389, 391, 392, 393, 394, 395, 396, 397, 398, 399],
#                     #  200: [0, 1, 2, 5, 10, 11, 12, 13, 19, 24, 25, 26, 29, 30, 31, 32, 34, 36, 37, 38, 39, 40, 44, 45, 49, 53, 55, 57, 58, 60, 64, 69, 70, 74, 75, 78, 79, 80, 81, 83, 84, 85, 89, 91, 93, 94, 95, 96, 97, 99, 101, 103, 107, 109, 110, 111, 112, 115, 116, 120, 122, 128, 129, 130, 133, 136, 137, 138, 139, 140, 141, 143, 145, 148, 149, 150, 154, 155, 156, 159, 163, 164, 165, 168, 174, 176, 177, 178, 181, 183, 186, 187, 189, 190, 192, 193, 195, 197, 198, 199, 200, 201, 202, 203, 204, 205, 206, 208, 210, 214, 221, 222, 224, 225, 227, 228, 229, 231, 232, 233, 236, 240, 241, 242, 248, 251, 252, 253, 258, 264, 265, 267, 269, 270, 271, 272, 273, 278, 280, 281, 282, 284, 285, 286, 287, 288, 292, 293, 298, 299, 300, 301, 309, 313, 314, 319, 321, 322, 324, 325, 328, 332, 335, 336, 337, 339, 340, 341, 343, 344, 345, 346, 347, 348, 349, 350, 351, 354, 357, 360, 362, 363, 364, 368, 371, 377, 379, 381, 382, 383, 384, 386, 387, 389, 392, 394, 395, 396, 398, 399],
#                     #  150: [1, 2, 5, 12, 19, 24, 25, 26, 29, 30, 32, 36, 37, 38, 39, 40, 44, 45, 53, 55, 57, 69, 70, 74, 75, 78, 79, 81, 84, 89, 91, 93, 94, 95, 96, 99, 101, 103, 107, 110, 111, 115, 116, 122, 129, 130, 133, 136, 138, 139, 140, 141, 143, 149, 159, 163, 165, 168, 174, 177, 178, 181, 183, 187, 189, 190, 192, 193, 195, 197, 198, 199, 200, 201, 202, 203, 208, 210, 221, 222, 224, 225, 228, 229, 231, 232, 233, 240, 241, 242, 251, 252, 265, 269, 270, 271, 272, 273, 278, 282, 284, 285, 286, 287, 288, 292, 293, 299, 300, 301, 309, 313, 314, 319, 322, 325, 335, 336, 337, 339, 340, 341, 343, 344, 345, 348, 350, 351, 354, 357, 360, 362, 363, 364, 368, 371, 377, 379, 381, 382, 383, 384, 387, 389, 392, 394, 395, 396, 398, 399],
#                     #  100: [1, 5, 24, 25, 29, 30, 36, 37, 38, 39, 40, 44, 53, 55, 57, 70, 75, 78, 79, 81, 91, 93, 95, 96, 101, 107, 110, 111, 116, 129, 130, 133, 138, 139, 140, 149, 159, 163, 165, 181, 183, 187, 189, 190, 192, 195, 197, 199, 200, 202, 203, 208, 210, 221, 224, 229, 232, 233, 240, 241, 252, 265, 271, 273, 278, 282, 284, 285, 287, 292, 293, 299, 300, 309, 313, 314, 319, 322, 325, 339, 341, 343, 345, 348, 350, 351, 354, 357, 362, 364, 379, 381, 382, 383, 384, 387, 389, 395, 396, 399],
#                     #  50: [1, 5, 24, 29, 30, 44, 57, 75, 79, 81, 95, 96, 101, 107, 111, 130, 140, 149, 159, 163, 181, 183, 189, 192, 200, 202, 210, 233, 240, 241, 252, 265, 278, 285, 287, 292, 313, 314, 319, 325, 343, 348, 350, 351, 357, 362, 364, 387, 395, 399]
#                     }